30.0 0.0 0.0 1.0
52.94729990399045 273.8700012650076 196.10960138114635 29.0
63.11565942004227 266.44453202911075 195.2512501932173 29.0
50.53998738422284 114.87410682298948 94.45101388152051 14.0
51.27949650198734 262.3050052834766 240.25831603587127 50.0
51.42638171238477 107.10686734883316 85.58120714039947 12.0
52.78423876811228 191.65391566304396 154.86168050781717 18.0
48.339473170101684 271.88951913232086 212.93106128997985 33.0
59.430926611042004 154.6805222824201 107.38739376522392 16.0
54.26695705758655 287.87898556427416 191.98090486158986 33.0
43.3376704535967 24.288740643024173 26.04984707973999 5.0
58.9036363231522 176.86557387081123 147.13778916283187 20.0
71.57486656548497 265.59429798198994 169.61659017249937 27.0
49.69185117368399 259.4266064418408 230.65251323307595 39.0
51.26494792135738 254.9208924974331 259.6746740474041 43.0
54.665056591764106 151.8641360506371 118.72079507830708 17.0
70.93192784986897 271.62341355295933 177.0015774436532 30.0
54.56722930595938 252.51301213086165 255.72259351767727 47.0
54.32493303948548 117.29420331573857 92.59716648951981 13.0
52.1858456968381 196.9562760429501 151.74135077306903 19.0
46.92335206691812 294.40938071691346 224.9861727904143 43.0
51.548269495756394 171.11522371003062 131.13001064505625 16.0
53.04678337444365 234.44200718208057 200.21757701887884 26.0
60.16409057530108 248.0663989406205 187.70554015161034 25.0
51.23063609789589 85.72530467598354 69.9916200281942 10.0
42.34449835183254 14.715146099287757 21.162922056033338 5.0
51.96378402913912 88.77103887646197 76.0482312475282 11.0
50.206605240757895 247.52801308503535 221.20138563075471 28.0
47.471380551331414 256.4715041864254 260.2257718045675 45.0
62.90637813597914 271.2283672768823 202.92797326664248 30.0
51.38696260406347 256.48888435504534 211.46036547292124 32.0
47.09153125225567 57.374277051195214 48.16749317919941 8.0
57.37811589448341 265.30405950142784 237.6056624438949 35.0
52.165960362963105 97.37659072820036 102.13042186379064 13.0
49.94202661366004 230.9294760827455 183.20564185734918 21.0
47.92241129798486 261.3734566756628 243.88765226916226 39.0
58.41867699951259 255.34052938731338 207.84847416382823 33.0
55.21061882439496 270.08041908242694 191.0049447078071 30.0
57.19811805274689 88.95680203217373 52.20210019482716 11.0
53.570850597154205 269.65164660893566 240.669053908125 48.0
49.93674405475603 241.82169909096348 193.06505649460098 24.0
34.109021739130434 2.137821577575032 2.48846082522888 2.0
55.77335478137772 257.1018513666087 244.4854883799636 45.0
53.013033547902516 222.83622868058214 189.56493626149077 22.0
50.406639935356566 268.667969192537 234.77319872044592 38.0
46.55705614455415 35.79812224534599 25.991636997751876 6.0
51.9487448853383 255.6343883691538 215.3969149523044 30.0
52.20791737041617 131.08807776723384 95.80715602823439 13.0
55.22046366336765 264.68805442674466 235.22478180766387 41.0
49.820067480502935 209.83240478277324 150.7423221253221 20.0
58.656047750240674 266.864236562413 212.40528801470276 33.0
56.91849875151008 234.95755319700464 191.99652093414645 26.0
55.859555179549794 211.45860322048733 147.58791767199045 22.0
47.00976404951768 283.07121929780175 230.46331918296124 41.0
51.35328669836134 271.8235459714091 246.89421111105662 47.0
71.76246548303102 263.18437884116383 167.76472281361058 26.0
52.23156662224093 286.35608242199777 201.95757982909393 33.0
47.948304709212216 67.8410258455676 52.38962825259642 9.0
55.23297629929378 234.24445239173983 187.76332903096792 25.0
47.32346218075082 273.29227950865373 240.85173282668345 45.0
48.51679837502523 260.2111902240891 257.59970608448737 49.0
40.839976956294315 21.277738825386265 30.148566585116804 5.0
67.36954283872112 236.9196423212943 164.20129065084294 26.0
50.25467624627973 190.30324690526155 163.17581604830195 19.0
52.83312744188063 173.68417202634345 136.67623450373262 17.0
60.26112690274917 196.99485837588784 179.05180274891777 23.0
54.82300622420886 284.8369811334287 223.07401397904266 39.0
53.31567130281347 275.955529936157 226.3660179578916 35.0
51.049788406022536 293.82740221629115 216.46588108401073 39.0
61.31200811103536 259.62792499550835 215.94582032329842 36.0
53.64800209396072 264.30076436593504 176.27508945257458 25.0
57.66179377406739 231.90382790308325 182.30757328093114 27.0
60.09909724549433 216.53941008734768 198.4885921269164 26.0
53.85087543856389 252.69953897093515 176.50523770291574 23.0
61.974247637446396 156.79584582911002 136.82177918067543 18.0
46.38543631179981 284.979207146177 227.7061423796787 46.0
47.920915701159586 255.77769931585706 250.35087569685086 44.0
45.51606967191511 44.16297301034164 29.21511371980105 6.0
49.78805010534367 252.31050338302424 210.65753291902266 28.0
56.396341771428055 108.78609067285365 68.62877916638679 12.0
48.48672174005533 267.58725557378324 241.6427649712845 50.0
58.60473698111248 254.82805055978673 252.33498377644997 46.0
52.70936073273245 259.24337770040626 223.1602205651558 32.0
62.36334664494319 149.62838686296968 99.07651174207169 15.0
53.28162880847933 270.38497345985706 220.96933841833302 33.0
51.04993396885747 263.3208312308468 212.8548965429323 29.0
49.71146863331126 277.12167203804506 221.1895746442689 39.0
52.52158972025107 260.04855430104516 213.79594224593032 30.0
52.14435537202606 266.9169015782847 237.162446407008 45.0
57.28065919403574 272.64639249148325 232.69967195321578 50.0
37.15606948803539 15.95585533728799 6.986021988581029 3.0
49.873969303384804 45.312329444916166 23.550255529535935 7.0
49.418147880064765 278.2571011537079 234.21554227521565 45.0
55.17820478793193 263.06805887742473 204.82973159373776 29.0
53.097251793025634 276.5942776137269 196.03775388340785 29.0
58.42819693716192 168.84613305328517 119.00868320243598 18.0
43.29719174264092 29.908880583408713 24.73074469596439 5.0
57.59654826469362 252.13832638195 195.66887269507689 29.0
58.17647793531263 153.95458984814513 96.24664645714886 14.0
48.700939261172955 261.353420991977 252.5114640704387 48.0
48.66434267998493 275.52168615486715 224.35907505756353 46.0
61.52850370805193 162.5158718888551 117.2953258526841 16.0
60.373704601224794 245.1882274518644 184.94155044809608 26.0
54.546071917499006 96.09369870611873 107.91797695643322 15.0
52.59140144962376 267.2139954769316 243.25748442601864 47.0
55.17024453621611 215.18330686299436 174.43806728059462 21.0
44.37086012431705 257.4781390126409 245.88661058009842 49.0
41.05866365351272 23.367040767808575 21.90749115815236 5.0
46.71548486284418 258.0703880784211 255.2186538111472 46.0
45.6200331874857 34.95508427003454 26.09679454066055 6.0
48.378813930949455 24.132986085232126 23.853584421971576 6.0
52.2390156057901 211.1368672229132 171.0256734579241 21.0
45.28597419651217 38.15552740415731 33.84263387948805 6.0
52.64966595873065 292.930492583044 215.67456939101174 41.0
55.19746602434564 191.90171284026005 138.790304153561 20.0
48.11163487647258 259.0186819857222 247.3627921229818 48.0
58.91967638791926 252.1137058012894 198.1269626526408 30.0
39.30734694696194 11.576638869228841 20.352384431918825 4.0
54.32610916785726 279.8119070575054 210.5470065004296 30.0
64.38705214754457 97.41918959717671 50.71919965377687 11.0
44.707857506236714 23.823953992102318 26.46076065882372 6.0
57.6094109850148 197.05043466937923 148.04926230309633 20.0
61.15675433462703 251.26640614329276 200.5206013535717 29.0
54.82056051010752 272.2211434869012 211.24622776394963 31.0
55.43688888001563 275.8022811848387 225.14794942376062 40.0
60.944602121408025 248.3294748265612 239.84997082465722 37.0
48.38691139351137 73.54603734406493 65.70273124685811 10.0
54.49872244639163 97.82700965941187 100.30424773469908 14.0
30.0 0.0 0.0 1.0
58.60745956558141 157.7531493082465 120.88772903219024 18.0
54.370431716734174 186.804718232515 154.52830876918776 20.0
54.43117419309683 275.10411765851046 218.7566918243997 33.0
60.22856944616587 207.81004685671135 161.33760554856872 21.0
52.86245776075658 270.8242612686027 233.17511605331038 48.0
50.28541654955205 264.7689797751396 246.1237650918462 50.0
34.109021739130434 0.5340536365591375 7.998082625784974 2.0
49.268578646795525 51.096066604259434 43.25769334181892 9.0
50.86459462791581 259.3956482911249 192.21549175547003 26.0
49.621006793708695 266.68743193265976 243.84771529159016 43.0
48.55756463448425 144.44044480686182 124.37475365025847 14.0
48.78888484084792 265.61225247346295 237.145489811786 34.0
55.899535541634584 225.3571695485259 152.55816025602905 23.0
55.34613386684101 234.1336364194952 239.64420815820762 30.0
49.18845503249387 263.5023347076532 229.38617092704686 35.0
44.86874826518954 33.47656049514861 23.51799160425402 6.0
60.782506990981005 254.1473095866624 216.54779859540116 35.0
62.38655333194261 226.40874117010205 187.6868637369347 25.0
67.03266339743017 254.36422350882438 174.08485521469817 29.0
49.575150473742625 263.054083990946 235.38359678649678 32.0
53.08227241192696 182.49927943069454 130.98485497531414 18.0
43.33914959880635 16.284280416338078 32.59803366815435 6.0
51.84948227996693 285.81760242016253 222.7271418335779 42.0
48.324557399608395 266.25066858243656 251.61032396875393 41.0
50.047548579463054 120.05592184317857 107.51845381256828 14.0
49.27740461816515 257.3263516401027 216.07964048815012 29.0
55.77583530480268 261.96508660482186 219.37830588888062 33.0
52.441574469891684 236.36012118025073 183.81910664227257 25.0
57.046715045565506 252.10041583582722 208.99638278078936 32.0
59.43403574116039 142.04779078152563 107.77864592432722 16.0
59.306088392997786 184.19487064627143 124.27543585264822 19.0
53.72846984173875 273.1951452934985 226.90430531414478 33.0
52.53433711014582 246.9080469465607 171.5167777545425 23.0
47.26490612898817 229.50081585853258 283.36695406035324 48.0
51.90893329448776 206.94242075510306 164.53793564732712 20.0
57.34986693858629 272.6754997091812 202.52170252520037 31.0
53.68422492612545 221.21912833678795 208.53515943760303 27.0
34.109021739130434 8.307082941366275 0.3949052899031069 2.0
49.94145904719749 251.10668931557177 226.80438645565314 31.0
49.51685731050608 252.5912006500203 275.30649376712904 50.0
53.82114310579462 50.253996068596464 61.57938608718173 10.0
54.36053997945164 122.87228267160427 102.78175415014475 16.0
65.89221721122641 292.0104808736447 213.81041682383227 45.0
48.64099419667554 102.95101274875454 101.76574720313305 13.0
49.27175164148891 250.84035581577137 255.10541544180091 44.0
51.04481463014224 149.73645568588415 112.37895559335199 14.0
56.60119569508807 156.59801430566893 101.96139151868084 15.0
47.781663889621264 258.7213636431826 237.03453312078432 44.0
60.72468910900118 245.36438321221382 239.6289127853508 44.0
52.34110001662136 148.68238007563883 115.88686730830013 15.0
30.0 0.0 0.0 1.0
46.47999759313823 32.56844921439492 32.64257278281566 7.0
56.20067302675318 271.9315528250949 253.16733689401866 40.0
56.99809516597579 286.4460026080699 218.02704249767982 45.0
52.029287277370614 251.248284686536 246.2869038628678 39.0
54.24898543094627 272.1315316490929 200.6279084058339 30.0
49.977539373206085 244.50768222265486 206.2189104164873 28.0
58.65830581907802 170.2192016636273 108.00368702398684 15.0
51.4476850148228 266.4632638624009 245.3418179354954 44.0
50.53998738422284 114.87410682298948 94.45101388152051 14.0
50.99632769255331 104.05631260445222 70.08386530212945 11.0
36.76871819468628 11.039863862714938 19.165386982287117 3.0
42.237299074553434 13.52889218017944 17.80743322847919 5.0
57.961816014199705 278.9614802526606 216.768663349942 34.0
61.286420650794035 256.15846139317017 207.32253172922148 32.0
41.06153672355687 24.803355504631682 14.811680375517842 4.0
46.73217561335133 32.65300307208524 35.321643754683905 7.0
71.08971870922538 212.46685063123007 142.00977321290446 21.0
50.79957038150322 257.43364299452173 272.7929458593958 49.0
59.145290210638066 289.01131689936466 186.5668620550345 31.0
43.78291672933864 4.9865565605122715 22.326197454554656 5.0
51.27949650198734 262.3050052834766 240.25831603587127 50.0
41.64520794217025 21.911031809110135 12.218291093251826 4.0
51.15217208171893 259.3090482836571 246.9077577838242 48.0
58.84993771028542 90.98492527192705 80.08032899819892 15.0
53.43850261519745 262.2229719117028 233.37948408863005 35.0
52.287657356789516 160.9660386035724 123.90816690150959 18.0
55.60281848901025 84.0785920894044 73.4424387909968 12.0
55.58858933139283 269.6017721538292 226.27738605871005 47.0
50.05624840701989 273.62792020269035 249.3646565820452 49.0
59.37779611914087 110.3095848213089 92.61433217881381 14.0
44.721207778953335 78.4999076679814 60.815022361269946 9.0
50.69515846471014 262.5869856299394 256.8944271859848 46.0
55.15877535275112 219.21421532407075 143.78955606726143 20.0
49.390974709318066 270.13943777471684 224.3170878917806 35.0
49.58855530917909 52.05911097824886 29.42707197473395 7.0
56.60119569508807 156.59801430566893 101.96139151868084 15.0
45.65559622278353 84.7041002927094 79.71060704131112 10.0
55.37498693299031 136.09734142400728 114.4573157074156 17.0
48.82528793533153 267.883417249495 246.50871852530761 40.0
56.09335490731366 274.72386109396564 221.6625788086937 37.0
48.90738630739963 131.7304295268454 105.36933035022115 13.0
51.425619448449304 259.0865456265331 265.3334364577562 46.0
50.36806823369641 135.6277539238359 91.53684626974778 14.0
63.243197817583486 276.46796110691474 213.33941540147725 45.0
58.888107334564026 121.67057439036387 80.36581486862507 14.0
51.65253302746021 270.697724741329 243.04829531857067 43.0
51.04481463014224 149.73645568588415 112.37895559335199 14.0
46.32971816807085 63.00380325349562 62.94390428178472 9.0
40.35484814972884 5.9344796093506496 17.684487555182283 4.0
52.223948071744424 167.9700517748558 140.0022594405865 18.0
53.93083889762525 223.3176104262548 160.96587159988673 21.0
55.24895264654608 257.238019866777 212.9299413482421 29.0
56.03567719948656 165.9146165282318 125.54838810631178 19.0
55.689708181836835 204.83447914694585 139.64726902657438 19.0
53.19532598412365 249.33464578186144 181.43333137115428 25.0
48.83595685522196 270.3085714053081 249.3847380569917 48.0
50.40050245694091 270.54641668111617 223.18049566566134 42.0
55.045854901181784 268.1450237832479 195.52658947475058 31.0
48.7473272706973 262.63848286096703 200.78107678106394 26.0
58.46098261206336 255.99116182155348 232.7566131110981 46.0
50.26317722779775 270.25024048483493 216.28568748195272 30.0
50.19070532921945 231.59314738711112 195.8288880093979 26.0
30.0 0.0 0.0 1.0
54.76884209625082 277.5949320610711 222.28915873906314 49.0
57.19811805274689 88.95680203217373 52.20210019482716 11.0
51.2330187359342 257.07876769662244 225.4853296243951 30.0
52.21847245836095 291.78181949303683 217.8824974690419 43.0
48.09789202178225 260.5618911795122 246.4869405769554 49.0
58.850494882922 254.936265100421 238.02510586093976 49.0
62.15100493221931 276.91302717365284 226.73698492375232 49.0
71.76246548303102 263.18437884116383 167.76472281361058 26.0
53.2336171692818 193.18080781207206 144.55379333485035 19.0
52.488511236104465 86.1168488089155 84.90805645464205 13.0
41.74897576142194 20.34754781819263 17.308998082296267 4.0
59.52007387901214 199.26453324125387 137.174798584838 20.0
60.37915632219221 266.3707047507855 211.68135497397836 33.0
65.46132693570217 137.27324680071564 99.053988823675 17.0
54.52595904717392 279.39452353272856 209.14442389440177 29.0
43.98867222513899 34.31239018141425 39.01936476114583 7.0
34.109021739130434 8.975211249667211 7.6181060823807005 2.0
52.62056949842255 276.5350629227733 194.28542318389748 29.0
48.714682558811475 230.46191343663045 175.5972447635425 21.0
37.15606948803539 15.95585533728799 6.986021988581029 3.0
47.942653081090654 261.80523983666484 203.60804005569875 27.0
50.035839626745876 261.8219448111074 231.1358843951633 37.0
54.975918872523465 53.6628142479183 50.63073800813959 10.0
57.648023143016346 183.62672307932522 146.89066478823474 21.0
55.4898644831096 266.2032836049153 194.04961823014426 28.0
59.61331177732299 240.23661484377243 153.8672296124084 21.0
53.58782715312277 219.46898793751842 157.41742493375133 20.0
51.28485921080286 266.37125730392205 224.37287380517407 34.0
47.71208639320824 255.7127393093647 261.7546856873203 50.0
55.07719186860416 222.12409215965187 164.53419090289128 21.0
56.11135678527114 168.954533953594 164.1970535316621 20.0
54.43101325526329 181.95038796051153 153.37318354375586 19.0
53.630461786532436 262.5170011126228 180.00127360162958 25.0
37.306219299746026 14.041248281858984 10.664859153202968 3.0
58.87866965749798 121.89127071430828 117.40127521697721 16.0
49.11730137484055 249.44007380842427 261.3052725387693 46.0
34.109021739130434 6.255232190062663 0.3538377994262776 2.0
48.573628928511646 251.23637890215468 266.9298729100598 49.0
55.745550981180195 231.0026810433764 159.03468068006993 20.0
53.684527524592944 255.2653138119163 178.9646730004155 24.0
55.01848476210088 200.38670460531728 140.7123313176908 20.0
53.2621124232769 235.64906149910675 180.64892625369754 23.0
43.850025894993955 42.832295011358084 26.69138501380391 6.0
50.17565052928926 266.7352165722153 234.97281903581853 40.0
46.886000442889916 266.8795586767025 238.1014548333904 45.0
46.78185247359394 101.31430106748655 97.52740237530892 12.0
45.92058309049771 32.928745395048786 34.19103088316534 7.0
55.2044334928463 274.25883032082464 225.34581227376785 47.0
42.82306713167557 41.998698492154695 29.961265605811562 6.0
52.20032010787907 201.04365633164886 160.39847714448823 22.0
51.841728626334 250.16430271026547 246.07758933399532 40.0
54.64425061628662 267.51742700861814 241.75926121374295 43.0
48.46131508306427 252.29977336031203 253.28316088204886 37.0
57.82853746337205 263.83446560380537 226.14421037850167 33.0
62.96047926175787 228.88220225714548 199.68722115611024 27.0
30.0 0.0 0.0 1.0
46.03655314587123 278.11297636631747 229.01062164263323 48.0
59.19008650197236 207.45857595281836 171.4092499420564 24.0
57.626539588252946 254.4015608474235 264.1432137511955 50.0
55.36016348575759 207.33447375325386 162.2869916598239 22.0
52.721180143170514 111.3824467400983 89.99954672486078 13.0
53.02902044995758 104.1428582699793 79.24727147398826 12.0
53.285495116326565 212.12155427316512 186.0858462251928 23.0
61.28520425923914 278.1883616307957 215.9149737407183 39.0
67.72255509070895 283.6866402049473 201.6632096905409 39.0
50.6782725018712 137.69570481399336 104.14986217654071 13.0
57.37811589448341 265.30405950142784 237.6056624438949 35.0
45.271593922071176 31.574037421062844 30.38099712081512 7.0
49.83746994253352 58.70628508607677 33.46472479773369 7.0
54.55649792821767 156.35960177559866 117.62244572484835 17.0
55.04383086557125 241.5725975861689 168.3525799450127 24.0
57.75976830701401 232.13127148830822 215.27571459643372 27.0
56.60119569508807 156.59801430566893 101.96139151868084 15.0
48.593263951154256 269.0855664309678 242.85732972459797 48.0
46.73752367091645 290.2930075366337 224.38995897984807 44.0
46.24526530997662 44.36035024652357 49.651137271221785 8.0
55.48853678204554 248.9686047493005 202.36920983119742 27.0
52.66515710599324 262.469289587881 236.2100612525546 40.0
54.82056051010752 272.2211434869012 211.24622776394963 31.0
61.37613427343599 249.4412524897585 214.38489725059316 32.0
50.03886194565473 274.9147826925213 240.3221652455826 43.0
48.823742441143686 269.54882311863486 215.74847115981999 30.0
48.507069334358086 34.52350733158701 28.954895540415126 7.0
61.28520425923914 278.1883616307957 215.9149737407183 39.0
41.76612829344553 18.670880853009074 21.697223231740743 5.0
49.94131187517864 120.04346260507519 112.6664921232067 14.0
69.69342765273542 277.78257985625294 177.80578803229312 32.0
50.84489206554917 287.96617719502507 213.78401737506883 40.0
54.57574463254721 250.71144476214747 259.7916862062228 47.0
41.34479417137633 24.618357923079458 33.519176908362624 5.0
49.53427318898866 264.023826818535 243.6497943648622 40.0
64.15916386496984 216.9392641838143 188.36125819708258 26.0
48.309286841985106 100.19813588493095 67.52867934150265 10.0
59.04216089059275 228.51696735985215 199.3396477315418 26.0
57.25783177401525 85.55142009744067 47.72630756611264 10.0
48.07959908875374 267.06125508575866 245.3535211195988 44.0
40.92325346193304 24.482587938182 30.338027283644713 5.0
47.17511926532699 263.5478443973655 256.2423803014128 49.0
58.22339323562327 287.7317025937391 218.1986513187965 40.0
50.32119407546847 249.2793865588017 252.8886104453468 48.0
50.289796723875895 175.54685306099134 158.4294215973644 19.0
61.561025070833814 209.96317857903162 145.72109817765084 20.0
58.90749247074709 168.5970446653128 134.0686798976975 19.0
52.254669356152185 249.63251105221516 210.7327792842541 28.0
62.46441705163515 241.43741475557997 218.28429996027862 30.0
52.06126039409806 210.51128301111177 153.96259738832794 21.0
55.45712503384536 103.77135061916107 57.20755227202162 11.0
53.366114137951996 66.72924193467856 65.50933637530126 11.0
54.955939407830854 127.52856613206755 108.69223602021846 16.0
48.46674846848725 225.3780728072966 164.76180517630013 21.0
58.263322411952636 209.05974440307145 176.42046856809404 22.0
59.14601042130751 273.6780183464308 232.0776577988186 45.0
49.9941130872168 140.8681385668189 103.33399149677335 14.0
58.849173299769944 265.59860669864804 218.25388404381508 31.0
52.252544996495686 150.52225057528693 105.42233953726006 15.0
51.388298388026975 251.31233899654416 218.49400476834035 29.0
49.06902523853951 185.29375239121896 153.81145396398588 19.0
60.26407545481275 199.5258803708778 138.66337020615103 19.0
50.59959216433827 274.65630769864674 208.56172708460565 34.0
52.165960362963105 97.37659072820036 102.13042186379064 13.0
50.406639935356566 268.667969192537 234.77319872044592 38.0
55.487445912541254 260.63284023815123 232.0048260363363 50.0
49.77572529111239 71.44951274830025 65.38607494718377 10.0
53.15819936018933 279.2035822065171 209.76756953075866 36.0
51.89287619948785 272.12626070747154 240.1725385296779 40.0
47.169141337814835 41.52090179799664 28.431598711564604 6.0
59.997318034717516 74.94081939139323 33.45333931428905 9.0
55.55733292868543 256.1287853824771 242.9082964478536 46.0
54.889587957429065 270.42763589170335 239.59604111595297 42.0
55.05740772067287 222.8253118513364 185.81605799820406 24.0
55.65221641031827 161.50268177059286 128.0177159853246 16.0
51.379618581726255 274.5701755123126 208.0291068013779 39.0
49.340974797753276 279.15066351835975 227.81891883958525 48.0
39.54677960663359 17.132487364225767 21.134808583595383 4.0
48.28052502103063 271.27847859499684 248.28900441499027 39.0
55.63529692285761 243.58777947927464 254.1013986170177 42.0
59.57074362156565 252.05354106611148 159.74008476246763 22.0
51.98749087769946 274.2159489597275 224.87558011464708 42.0
38.832874805377266 11.632245432518333 22.174591019783882 4.0
70.79104515762242 262.72172161706226 166.7475275598086 27.0
44.936169389576854 49.77345256560122 52.56977271636184 8.0
48.823742441143686 269.54882311863486 215.74847115981999 30.0
51.386506598260695 115.80272962551611 77.90088623043388 12.0
61.15675433462703 251.26640614329276 200.5206013535717 29.0
51.428579526215756 280.2615383374302 214.06353113363016 35.0
60.241273827057356 206.69143887065832 184.74562665241376 24.0
55.58378594749267 278.05066969303766 231.07745209316835 39.0
53.29969227017865 120.0198347714117 96.65034071549863 14.0
61.52850370805193 162.5158718888551 117.2953258526841 16.0
57.829004462039336 122.89275574957404 87.14551963815714 13.0
48.9886357456236 271.828471391074 215.48943428982426 29.0
54.173101184866866 258.3420245143485 205.1489528478975 28.0
37.70769615924915 4.79615226818993 7.753438980789625 3.0
59.66344926416874 185.65500092155577 120.08890876101518 17.0
49.23395570919044 267.28813866372184 252.62497246420617 48.0
45.52130683461617 53.54200261244208 56.726563274229214 9.0
55.859555179549794 211.45860322048733 147.58791767199045 22.0
53.67045193258671 271.12119234705307 235.39878977494482 48.0
49.914876096117084 249.49560056434836 278.1462376464402 48.0
49.77572529111239 71.44951274830025 65.38607494718377 10.0
56.835292750965614 139.38899353722752 108.87015248713693 16.0
50.60856105740911 275.63271645861016 229.0450469656059 38.0
55.218020319676725 277.03656104616846 231.8249665341079 41.0
53.911228537348 251.83787282132877 265.85862971515127 50.0
49.646288863945195 269.32422703951715 220.89943393691289 29.0
56.29290107536142 111.21342086594603 81.34233153775568 13.0
63.489995150822864 239.24856783553795 208.70662444244414 31.0
44.53016511497268 35.98536547953009 47.003654351019776 7.0
56.11135678527114 168.954533953594 164.1970535316621 20.0
49.070841812686 113.28672732403548 75.58561575482871 11.0
53.141286623762866 122.91096696455226 91.77008219021025 14.0
58.155162397784984 154.07865139591644 149.22415732580131 19.0
48.67609030788577 262.3906674028498 227.01530423850375 33.0
60.28789075490163 244.59828639649575 181.8352876527207 24.0
60.38873812980404 94.97936061002052 90.48951667059106 15.0
51.04481463014224 149.73645568588415 112.37895559335199 14.0
58.15410605582309 185.78203510841894 152.98155509804056 20.0
55.933137341025564 232.6936186519205 192.04556448333034 24.0
48.65137118586781 266.6061003936583 251.36966291981776 50.0
47.9355009911574 49.97697399252374 44.58626422496223 7.0
64.2749854730194 193.50800541377012 164.21003501717732 22.0
53.136978872101665 171.6151087364382 152.01100623182626 18.0
58.49958458061648 262.61903166779325 239.9200594966339 41.0
49.15583370478703 275.4794117653834 227.53205690256857 42.0
58.821587765902436 172.2014747720591 126.51655988591241 16.0
54.18314622740337 274.55693281689196 218.28196609369243 35.0
53.87003120418812 129.1156762188425 103.1306295660146 15.0
51.06365048140103 259.13689583441635 226.3445785575186 31.0
46.99425473590005 288.4626008969684 217.99827980723597 37.0
51.70663693297188 256.38592139617776 243.58719817816709 43.0
30.0 0.0 0.0 1.0
56.65486092722604 79.94295909284388 43.180482720774 10.0
56.05650616579247 147.03801195887843 88.27349864706922 14.0
53.89832478300235 255.60004979390698 208.79109884770995 29.0
62.17984342750098 262.34106372913493 213.91706206850242 31.0
58.420790903102485 248.8532587633396 208.73504760459159 29.0
40.64887963883366 16.465764109149408 19.859811215153883 4.0
58.91967638791926 252.1137058012894 198.1269626526408 30.0
53.46108497357805 126.1161169480211 85.63558144575323 12.0
51.328326798383095 254.34944945678188 244.09492890022017 45.0
34.109021739130434 7.144022887719387 3.406949284008327 2.0
47.29476573250092 270.5302873549613 245.34925866723032 41.0
52.6763743692965 88.0606500197476 66.97566629596237 11.0
49.68077681226542 273.5743954412395 225.93818488862172 34.0
51.5324166361221 270.0952428640395 211.53928720370914 33.0
48.142051914949114 43.188724557007866 48.55801507872739 9.0
53.7371474920402 261.11886802395463 216.751125144472 30.0
56.17609974965761 201.79584541566354 195.26631756536605 23.0
58.96717718505168 284.30246752565847 213.20160780619594 37.0
50.518040560527936 40.90867530625752 51.92092101055091 9.0
30.0 0.0 0.0 1.0
41.40889055412466 24.97868304535821 17.838887615954075 4.0
49.87543755613072 68.10286356296454 53.936721931052126 10.0
52.26426831952422 81.15938441112387 72.42872826866318 12.0
49.71569214297758 252.9964269542089 204.4106042355689 26.0
49.74383436183509 259.37164576432576 230.00352700996964 31.0
41.117383397415296 21.1769163839518 10.473531028258066 4.0
37.23237404526881 19.43145265611235 13.041597378861773 3.0
49.30393047961212 58.74937778733881 40.677808694236724 8.0
37.313204514020256 5.592983369478194 11.398320438467609 3.0
47.09153125225567 57.374277051195214 48.16749317919941 8.0
47.11538909232744 270.3455492943326 242.58893930505928 42.0
55.28058418544144 75.41009440203109 53.21000526559017 11.0
58.24263634370404 257.6799692664153 233.88891153661103 47.0
49.551852249039335 252.43914355411573 202.13752742299198 25.0
57.25764141451464 271.1122596943947 184.51374601705996 27.0
47.92241129798486 261.3734566756628 243.88765226916226 39.0
36.93569695296368 13.730406297636321 8.632294243407573 3.0
44.07850410040628 59.82444930031984 49.79447181115579 7.0
55.29542252231238 258.9632984189441 238.79599337672067 38.0
48.38691139351137 73.54603734406493 65.70273124685811 10.0
55.8285116465945 211.43194545338156 144.58372645429458 21.0
30.0 0.0 0.0 1.0
58.62474773291147 255.60140786494998 236.65179726659645 50.0
52.887361017592646 275.4339622993106 231.06255888307598 44.0
49.66654911364584 249.51560847206432 193.66174635317316 24.0
49.13783530128349 264.73801137296573 239.2651182881835 37.0
48.6384371032259 269.5589122767151 246.90862026758435 41.0
50.035839626745876 261.8219448111074 231.1358843951633 37.0
48.662980935650474 190.0457249945808 147.99108825671485 18.0
30.0 0.0 0.0 1.0
50.206605240757895 247.52801308503535 221.20138563075471 28.0
50.09249502617649 266.4179327188435 223.0806286918242 31.0
61.974247637446396 156.79584582911002 136.82177918067543 18.0
48.80969357407509 264.9842072797947 250.7862415910373 45.0
52.749986494022934 149.93480675473631 102.8019113358457 14.0
56.99809516597579 286.4460026080699 218.02704249767982 45.0
45.599537054107394 68.82294408889761 67.87884890975712 10.0
30.0 0.0 0.0 1.0
52.6797395016202 271.3089178420075 235.43091117661768 45.0
43.9589855151942 28.69345796351838 16.928644152233623 5.0
58.15410605582309 185.78203510841894 152.98155509804056 20.0
49.97560044878551 99.66678904327851 89.21894006562337 12.0
40.29144803049694 29.46410404788921 33.35417250742101 5.0
54.41346034451944 270.9409195080246 192.6031138752759 29.0
53.02620860162291 248.00221141968805 253.86443673321966 42.0
54.79024401854934 249.76873075378185 258.7691766244621 46.0
50.47417537739071 264.59563075039046 240.99765837627433 49.0
59.07502462323342 258.5846901934996 231.31137023891029 48.0
55.591531438462994 273.8211784188653 170.1833263712847 25.0
67.72255509070895 283.6866402049473 201.6632096905409 39.0
52.00699245124004 287.84443844402153 223.07020550000857 44.0
52.488511236104465 86.1168488089155 84.90805645464205 13.0
54.635234656811015 253.7954838002779 257.2425855448013 50.0
52.252544996495686 150.52225057528693 105.42233953726006 15.0
49.622618906251255 56.94597750810859 49.305360072163765 9.0
54.90337583900593 192.20376056981758 137.1037951488085 19.0
53.5589165895248 260.1110614380189 220.6548974885131 31.0
59.16023937223215 169.54175981939298 130.66454340322403 18.0
58.84993771028542 90.98492527192705 80.08032899819892 15.0
50.10286201950397 230.12232602660018 180.73080402745447 22.0
51.0626377694398 45.67243913142228 24.317666768565733 7.0
47.02958387146547 281.3685677068856 219.8012449897283 34.0
55.3544117925724 279.6777642572748 237.14808866499797 40.0
52.21541586293061 221.54803701638403 182.9420706199493 22.0
53.87492276461672 246.39693400209921 172.23719218698452 22.0
51.18732064132595 198.11984859996474 141.04087646344888 17.0
64.0868506062138 219.18763856411925 152.00557164464811 21.0
48.5105825495381 268.9546614603054 246.5103501656434 40.0
50.3591372592743 265.5125391612484 234.700380255777 39.0
59.470541130562204 272.5709183546759 219.35669205446732 37.0
50.78510517388157 119.86737069562172 112.90290815355547 15.0
38.075409419889155 5.059247678432587 11.140362302151873 3.0
71.16616800371041 232.78706202007317 154.21181106737131 23.0
38.74708884860925 9.52067027113966 8.964856681531664 3.0
61.682171893684774 257.5656952395818 202.45087714208472 30.0
58.42437088650955 280.2599949926576 215.41833533117943 32.0
61.73161950885661 263.4832817138434 212.92588125462402 33.0
61.71190999059669 275.12789572573155 206.7125566519681 35.0
53.744714100321865 256.1938735296264 177.95728157095107 24.0
52.836040484844155 143.7761663895422 97.2458447726296 13.0
40.80135095471551 7.283874163476905 11.589303889411944 4.0
48.36188054755817 164.87666588358886 123.99684981215763 16.0
61.952968939758904 260.33511747425536 213.69892054237172 32.0
39.01882683605902 21.342934471668165 16.64738992594621 4.0
53.06073652747975 248.320212781646 169.66884637233153 23.0
59.35571669310524 292.350843787536 179.44210378005175 30.0
37.053438191426416 5.467248624534708 8.913187157279328 3.0
61.6531823362388 256.8837681026353 201.6558556123178 27.0
54.379143645329826 271.0716163990312 190.15327629304437 27.0
47.402755002574274 258.8845749254071 247.3449937461524 42.0
54.44404922788344 268.90266175335165 194.92433070653763 29.0
46.68302728300955 29.230356992438274 30.32943212236303 7.0
52.857699476748934 290.106071263305 212.41472258026687 40.0
54.00318316918349 259.92718822450496 219.8365020163336 32.0
30.0 0.0 0.0 1.0
30.0 0.0 0.0 1.0
52.24401024392676 57.58407204227562 64.17710951561365 11.0
51.78471135631215 263.03542050154397 251.40442974192865 40.0
37.1648504274883 11.546408981862287 7.554135485369978 3.0
46.13755147142917 274.2207851704767 229.65754637507573 38.0
48.24743985550759 134.17051016081112 109.82622976509282 13.0
47.60700347376281 42.473002311831536 26.160668556855786 6.0
50.66482649792663 273.44607573689836 227.7998731476325 34.0
53.228430511241676 218.42069837688047 192.5394453873826 24.0
34.109021739130434 6.007918021393433 6.116559896489438 2.0
34.109021739130434 0.3434384505369015 7.087790855617364 2.0
55.69039950594052 263.97567309870306 159.71834217522127 24.0
51.96710731150641 264.25053942902406 235.7039368453299 36.0
59.85806714985385 249.87831518552096 187.08589922387827 26.0
61.71190999059669 275.12789572573155 206.7125566519681 35.0
52.01216476873491 228.64213943590042 198.84357382237192 25.0
58.046352217315174 255.48766965291375 214.84917036622156 34.0
30.0 0.0 0.0 1.0
49.30253825924362 47.2208042556689 39.14702305905784 7.0
52.418088601392554 278.05014533393194 195.0767806181504 33.0
47.471380551331414 256.4715041864254 260.2257718045675 45.0
54.29752277499526 232.54901079997697 184.01593241993874 25.0
45.76058550989104 286.0159817222868 234.4157657338629 44.0
46.95360158256203 58.94961001320889 63.97407795567535 9.0
54.245110042051486 273.041923048045 243.04008615808507 49.0
56.835292750965614 139.38899353722752 108.87015248713693 16.0
50.01531436259688 91.55227640449073 66.97483538344605 10.0
62.74837820328111 221.22513169090706 179.57541222922507 27.0
58.94512037000732 282.05751567658575 203.60944051849359 34.0
60.37915632219221 266.3707047507855 211.68135497397836 33.0
53.875808890389365 266.7698526014481 206.72545285932108 30.0
53.10564763621822 236.73045595327446 160.7714746449034 22.0
50.05380494100196 52.39746107591171 43.994456701575686 9.0
52.69261314210024 289.776815664332 201.10695136803366 31.0
54.15822535406809 122.73119793569451 93.7373266597897 13.0
56.4396467639005 63.15555294880556 60.20587296599558 13.0
55.07366547112846 254.08417100509635 244.63354668937603 45.0
37.45874611206902 9.588768087464572 11.241607419103122 3.0
50.75944000247406 225.87204693016832 207.53967192972385 25.0
46.38543631179981 284.979207146177 227.7061423796787 46.0
51.177436546609215 243.19260471744602 176.53277937804938 23.0
56.485604963203144 121.49244132912041 100.63706733546012 14.0
57.25764141451464 271.1122596943947 184.51374601705996 27.0
55.044176429327614 184.60295109181035 131.90932124579953 19.0
48.932665741064326 121.38277058698995 102.32720330487538 13.0
50.89781731659629 261.8007796403543 226.66602993758772 35.0
61.642745079666874 252.24254616825144 229.19494486028813 40.0
34.109021739130434 1.6284205502108517 5.2181946886673085 2.0
61.36753746648299 253.92289510328212 177.04192217432774 25.0
44.09155919204384 41.296538191227654 38.15135092826213 6.0
50.518004231643424 232.33985623281353 161.18278109734274 20.0
52.66515710599324 262.469289587881 236.2100612525546 40.0
51.830373000918016 253.27502812805895 256.93482317945484 44.0
51.136779697788526 266.75611009644797 248.40469298456765 49.0
63.489995150822864 239.24856783553795 208.70662444244414 31.0
49.29699773824237 246.2347920826663 261.6256235427238 45.0
63.684547130824676 256.6000252120173 184.9275941761092 26.0
52.62504638862879 107.127216208248 86.7352804645236 13.0
50.66482649792663 273.44607573689836 227.7998731476325 34.0
52.893252518075464 269.2069677469127 225.56349066384107 35.0
59.45242488782477 282.9364668058791 211.1402737199967 35.0
58.91967638791926 252.1137058012894 198.1269626526408 30.0
52.254669356152185 249.63251105221516 210.7327792842541 28.0
48.18826893047976 36.57899911986744 17.23670234138831 6.0
30.0 0.0 0.0 1.0
62.57808797019754 145.09440172983545 143.1381851571058 19.0
51.008591023889934 275.24375876747115 220.09362260365216 38.0
59.798246063495554 258.6858435632118 206.0086129202664 30.0
52.752195934557534 270.4674726433534 228.63805939635563 42.0
49.869371018885374 191.35622109983206 142.19045205969115 17.0
51.70663693297188 256.38592139617776 243.58719817816709 43.0
57.86657338118342 106.41133898250814 66.6343207130103 13.0
50.47668246503278 275.1496519129239 232.59177413394426 35.0
34.109021739130434 9.541386814754514 2.4785723198446385 2.0
50.47034742891282 75.58761767093347 61.21195528875933 9.0
34.109021739130434 1.5953090772345346 8.993353175354136 2.0
59.62771596438019 199.57933643991043 154.75032667626124 21.0
34.109021739130434 0.3595489193478474 8.312923553869284 2.0
67.89718730800973 274.8832212549094 213.64374966145445 41.0
50.45287616713585 209.379928037111 140.1573251756861 18.0
50.645885760059656 63.701979990671234 63.418013807926144 11.0
51.04466517038725 257.6282010631503 254.7325918238462 50.0
54.97761183905243 284.2065149574038 178.70042510879128 29.0
56.26825687765944 180.9919141103408 135.92279355294232 20.0
47.698849823218666 78.33892491910717 73.81033629025166 10.0
49.87543755613072 68.10286356296454 53.936721931052126 10.0
55.12351355258738 272.66102461871725 228.5003460981934 42.0
46.38098700851485 53.2499627121521 52.83176005602198 9.0
51.854649515366965 267.3204157413344 242.92924477068962 42.0
59.764760074633465 258.1938221508153 193.94987387713095 26.0
61.372685167312504 81.38845318674309 68.8866349106073 13.0
55.745550981180195 231.0026810433764 159.03468068006993 20.0
53.28670235015051 86.3040109004587 43.6219646952489 9.0
58.94979106565982 246.22977814295524 233.17437848842573 33.0
55.66702573292372 205.36940404504142 178.70138410987204 21.0
51.439432390402494 258.6333135906792 234.32156304408406 36.0
49.2948117401412 84.70476544783851 72.14706629938924 10.0
53.630461786532436 262.5170011126228 180.00127360162958 25.0
50.270498152569296 226.9948447361479 189.51663966429072 25.0
52.86320095748906 159.9723343421606 117.18695722491103 15.0
49.79360992181008 66.81309168539102 52.462308392836434 9.0
47.99351251818516 28.755682602714927 38.28373039133633 8.0
58.557764800217434 276.3819670322512 186.58949957773228 29.0
46.08500583983202 43.567273854836344 38.9436285009697 7.0
65.25192836294487 274.92253805665547 202.3905833567846 37.0
55.64629392571078 264.8288107749661 233.47746677400065 39.0
55.703067498203396 257.6995604157547 232.69220574483222 36.0
54.6439521825621 269.14227885398185 224.59260625490055 37.0
57.1520335206753 275.99730292216015 202.06873638104787 32.0
52.14480068818315 157.367719925937 90.78931132784851 14.0
50.202666616336785 50.79462965591122 45.77159883055473 9.0
51.130023132152076 254.40252352225312 238.84704702087802 35.0
60.14454201294834 244.58428558449268 171.9936812014649 23.0
58.90749247074709 168.5970446653128 134.0686798976975 19.0
57.518669233408104 247.0820622956662 235.05994606070817 33.0
51.104607589709914 65.77341248622616 62.119582531375556 11.0
55.07719186860416 222.12409215965187 164.53419090289128 21.0
30.0 0.0 0.0 1.0
54.26695705758655 287.87898556427416 191.98090486158986 33.0
49.621006793708695 266.68743193265976 243.84771529159016 43.0
49.488271468639 70.88302801799867 51.46724510012258 10.0
44.908502063980805 32.947866317514894 19.372109047753447 5.0
56.91371332756676 247.8586737391432 246.60087399757245 36.0
54.975417204653326 37.5703805282076 40.89559710001086 9.0
55.506054052803485 265.87285628296456 226.87942466807962 40.0
59.71064675732602 273.2532669229166 221.56128585422246 36.0
55.044176429327614 184.60295109181035 131.90932124579953 19.0
51.462544535570046 209.3505038592025 188.32822372697106 22.0
53.38761698023711 257.2970026385086 228.049186682291 32.0
49.09605479582323 148.76835796565277 115.52923634262466 15.0
58.03319660470987 200.05675385193442 189.26528538688538 24.0
59.073566468560266 253.062611428587 245.43539934676951 45.0
39.566323211675204 21.58768881604056 18.80228830553396 4.0
51.42833322574268 184.19157705271698 157.72068789804007 19.0
53.25295963163274 259.99682149743455 240.6493587659211 46.0
30.0 0.0 0.0 1.0
48.23505162448728 171.1842290847317 137.22843224624518 17.0
55.221561849896325 250.7038171544048 254.2182826289247 44.0
58.57463465732028 54.051521706882454 57.635345210758445 11.0
38.49008977003748 11.28338044439668 6.9503092259029815 3.0
55.63450207260162 213.40377679207248 181.26593594546688 22.0
59.66344926416874 185.65500092155577 120.08890876101518 17.0
45.55659149189566 56.79033311161003 42.30323509035507 8.0
49.040480199280104 263.7680270117849 255.3166216738834 49.0
53.0565182954997 258.9733658314679 211.37694599009765 34.0
55.626936042219626 186.20112736094362 163.07142777444128 19.0
53.342263998543565 272.9497029951709 212.1941985901288 33.0
46.886000442889916 266.8795586767025 238.1014548333904 45.0
47.89974438881768 96.68010265814851 85.44398225048432 11.0
47.83712207641203 140.6386694330705 124.23152290610253 15.0
53.126333078091285 173.44867499300713 123.77292958370623 16.0
54.90144082687116 198.51325896573755 122.97246451513435 18.0
59.69626477538412 220.32492061434152 147.35432521818805 22.0
60.16198292152342 253.947751467344 227.23879740471725 38.0
36.916292762590054 19.4004208145498 13.389681783778972 3.0
51.1676503308593 87.67736373514994 80.16417939261981 11.0
56.95049433521651 278.075677989232 209.62925115013874 33.0
52.53461525515677 276.21125394128177 192.28830170526214 27.0
47.16152342397941 252.9228560172773 264.0082246682389 45.0
50.641935876088915 271.98124184474676 236.19853112458114 49.0
56.59560665745386 261.87638151876354 233.1124581961174 38.0
59.16023937223215 169.54175981939298 130.66454340322403 18.0
55.747923938422566 268.81483657771383 238.17901274432796 45.0
50.76677858369428 259.6155876652051 244.31986063776537 37.0
30.0 0.0 0.0 1.0
53.25295963163274 259.99682149743455 240.6493587659211 46.0
56.48469639328617 242.52384131692835 253.94781810099502 38.0
49.74212640731135 255.29540303133246 251.62920993187214 48.0
50.95966492094479 206.8173802629246 151.13798743654934 19.0
53.82312513677848 248.6725222114359 250.9168954170149 38.0
53.73686813715609 111.28537378304587 94.29214173008346 13.0
53.76959966799969 137.49317524619394 105.16246636070986 15.0
48.686780611126736 254.81192462068051 205.97834786458648 27.0
56.02270524031487 266.59903847992723 217.3114218971044 43.0
34.109021739130434 4.975645786826856 9.313867861481409 2.0
52.415330938579714 283.2114120802783 201.66051986830539 32.0
58.920897653732546 275.6960033693343 182.85425793401558 27.0
50.82955137465498 28.087775393587442 31.243734981795225 7.0
46.13755147142917 274.2207851704767 229.65754637507573 38.0
52.383110030446495 243.7489961226352 202.08232560231596 27.0
47.793295027604785 137.87922892776436 104.94172813319491 14.0
59.62771596438019 199.57933643991043 154.75032667626124 21.0
49.17604474433406 219.93969090877766 174.05975100548287 21.0
49.16884921595666 268.14985773306296 225.264204933264 32.0
52.06606942211591 264.92844447014136 237.58587507026456 46.0
55.03971779251834 58.736813781463084 71.71318167402445 11.0
62.1698838340552 238.63047018766187 191.7777998841052 27.0
49.64261891434123 278.2155884606558 245.26237535241242 45.0
46.68562124393389 53.253727644497204 56.73948541594233 8.0
48.15928956623914 74.87894066603901 60.714544869211004 9.0
59.04216089059275 228.51696735985215 199.3396477315418 26.0
49.53570255794842 162.09985704306226 123.65002795483133 15.0
48.932665741064326 121.38277058698995 102.32720330487538 13.0
57.00834664880517 171.42084962743772 106.76267627409216 16.0
45.47803016147254 266.5544447385737 244.7319316730441 42.0
63.17754652485518 187.50689874619508 174.0969027467369 23.0
39.23396756552937 14.307595535693824 21.65432232731481 4.0
53.885895858744895 240.12383995778387 179.31728484855697 24.0
56.22832946885917 250.76014022815028 193.6111419476719 28.0
56.57432016987635 262.56389056117183 230.29602407032036 42.0
48.12296450607283 50.05033038700151 33.7943369969697 7.0
62.60267179071261 178.08436354121892 150.6745458047731 22.0
41.64520794217025 21.911031809110135 12.218291093251826 4.0
60.01880376638627 87.28696855140754 84.1112178626856 13.0
54.808768145021986 274.6190414805624 239.85708916192246 50.0
40.29144803049694 29.46410404788921 33.35417250742101 5.0
49.138619587503094 265.54063916352044 207.63358302093826 28.0
68.01988925165283 286.25570246361434 200.12493537565513 38.0
45.78785761691141 37.517231593057126 38.85329338992371 7.0
53.678116873075886 140.2583153085748 100.38381058438782 15.0
54.596393235893316 250.266728600277 204.19770063317773 27.0
60.66312142523436 207.61088400909884 156.03392148150613 21.0
34.109021739130434 3.7565837304296656 7.713942502934885 2.0
48.4637815721557 261.6575926162301 245.6187853295103 46.0
42.829921825865526 25.542389972673302 28.992487019826264 5.0
62.280044549201456 229.8752463324992 193.81339199033573 26.0
30.0 0.0 0.0 1.0
51.00189155919893 198.43192968995913 167.8732668008634 20.0
51.98198744160602 259.7048336087661 246.50870944370425 39.0
51.540463741837954 62.47057614753324 51.67757140388517 10.0
69.0696738365325 274.1970577327183 206.5082274705695 37.0
50.279883356705376 255.12070241783798 247.47180568285742 49.0
48.59502444093268 262.18942504369227 235.1546632775592 39.0
69.70853178604105 148.48064510501027 89.31317578510208 15.0
60.64005058582581 228.68430467996782 170.88104887776467 23.0
48.62647649513481 61.92052545937058 53.157158814834304 9.0
42.813309712591966 20.01800237248028 21.434589488746298 5.0
52.226572743328745 131.63534530497589 88.64817262696121 13.0
42.811572091457705 41.022066748891916 53.62036418446081 7.0
54.42473640846369 266.48447773063026 244.02562127145364 44.0
58.021736350339 259.43781789053895 239.11538474691588 48.0
51.68981639296958 259.16761367243043 241.39904716349133 50.0
52.719760314398194 270.3269532423435 217.32330625942595 36.0
51.25689433825381 228.53015751610246 199.20608852963588 25.0
51.193567133114605 275.1531619039747 219.16989248026997 37.0
56.638730742539586 271.18592217597404 213.7937808889722 40.0
54.76324513391544 240.3632609172508 195.06660348451473 27.0
52.240490847217856 264.6368053809436 248.3298180493874 44.0
46.54404735901635 254.78696210462462 260.59987714580785 47.0
45.99366016277663 76.90182433153743 57.34825830334939 9.0
61.83863437421697 231.61984085913323 172.82856181638147 24.0
51.68981639296958 259.16761367243043 241.39904716349133 50.0
52.47145723961759 167.16050559446649 128.6996432476194 16.0
44.04940377913126 26.44015070680205 28.279378729673248 6.0
48.657455064547236 50.44905188377003 55.51324867624425 9.0
48.61678067717283 79.20818540288934 77.60723802944487 10.0
55.880409937657014 175.83545643753135 139.70435312632222 17.0
55.221561849896325 250.7038171544048 254.2182826289247 44.0
61.84355532444405 217.0377866691684 145.03384811734918 21.0
70.93337486380211 256.1551725312948 161.45731606553082 26.0
54.0852665071289 255.10907023131966 210.78904852065244 28.0
46.995256245554096 263.16567781627737 259.9963677142145 50.0
47.75629473516545 255.01163916315048 266.1433884029295 41.0
60.54997737336166 198.45469012848486 145.75059032006584 20.0
49.138619587503094 265.54063916352044 207.63358302093826 28.0
34.109021739130434 2.1066591979049742 1.1778025531713676 2.0
52.148857790463175 219.6459323824306 180.33615503099597 23.0
70.46182261789602 162.0851019852307 98.51492256596903 16.0
50.83852097734172 264.4521403376875 232.23879987162687 47.0
56.54954411300485 280.0497728577348 194.4009742060981 31.0
54.499659491030904 160.50050661283714 120.73633351522741 15.0
59.40577427025717 182.1779865888423 102.12235326236251 16.0
59.37779611914087 110.3095848213089 92.61433217881381 14.0
50.535068875588784 99.9605238153196 65.64612352990173 11.0
52.97707795404788 252.33791260797057 173.5024941249278 24.0
50.742419184382 221.78335067375264 188.56397561294438 23.0
57.538790649323694 260.52823616191154 177.1760828387083 25.0
55.24934241297793 272.52450426667775 192.28452187862317 25.0
49.85224204095891 273.9878334391188 240.06983871254727 42.0
50.55022446750252 152.2701353107425 131.87195344329982 16.0
49.97188059473343 102.59148929706143 87.8902523817953 13.0
48.64099419667554 102.95101274875454 101.76574720313305 13.0
50.655761171539574 262.77161389150706 234.18283759468417 48.0
51.98749087769946 274.2159489597275 224.87558011464708 42.0
52.955082279021646 254.8084493243864 186.90208764927024 26.0
54.623489978502654 255.4257887270661 233.79900306645814 39.0
59.677371384131895 262.42005243964724 205.33660189189257 28.0
51.571760704963566 266.95782148433346 232.2874821249971 42.0
55.24895264654608 257.238019866777 212.9299413482421 29.0
55.048044871263464 111.03923195751297 119.18793841138739 16.0
53.49678865774251 271.78953433333675 231.0005790451349 38.0
55.33908418520502 256.42775512175194 202.65885939489627 28.0
54.36052845133522 250.73776681092343 260.21873082764296 48.0
59.09620199315095 208.33607366644833 159.44411280395448 22.0
49.25121041850408 86.31734959043195 62.449365468299675 10.0
53.07532199881437 89.81268079344318 82.98251133702233 13.0
69.69342765273542 277.78257985625294 177.80578803229312 32.0
52.223948071744424 167.9700517748558 140.0022594405865 18.0
71.12205872586937 238.23495836303596 156.6942629353047 24.0
50.74538830761758 58.295895573866304 54.65176666101109 10.0
54.71810413671742 270.4587270629156 181.92980298487666 27.0
47.323755588604726 60.96591265212592 39.74895490725535 8.0
51.66121300419665 278.2182096534795 210.6913571847111 35.0
52.4704497587486 187.91261885372026 152.47007572605568 20.0
46.886000442889916 266.8795586767025 238.1014548333904 45.0
58.263322411952636 209.05974440307145 176.42046856809404 22.0
36.87190784467059 6.397238703229334 13.668576268016139 3.0
52.02316674659616 278.04389344440096 207.39804560623344 33.0
42.237299074553434 13.52889218017944 17.80743322847919 5.0
50.30857856641034 179.31401904154987 148.78310752975673 19.0
34.109021739130434 4.990844609333269 0.07130066156590731 2.0
34.109021739130434 3.857690131081424 0.7304483446220322 2.0
48.823742441143686 269.54882311863486 215.74847115981999 30.0
38.87859531499988 13.989876157054455 27.09011546576682 4.0
49.60118076401797 108.20593431061106 81.71742826098729 11.0
52.78102751101589 281.10421841500056 204.44406127140002 30.0
49.07351046377566 111.89410455356622 112.43831867534897 14.0
36.68475190927296 6.433408089836062 16.273690219456647 3.0
49.59989323867392 280.59631570131626 220.84075294625478 47.0
57.66122259052955 255.59920791856783 224.37519078482777 36.0
55.17024453621611 215.18330686299436 174.43806728059462 21.0
52.38735455673959 276.48902220405563 225.67429390866482 40.0
54.76619421171768 96.39569020286324 58.508082411686395 10.0
50.742419184382 221.78335067375264 188.56397561294438 23.0
45.01887935768854 14.255158649103542 26.252854885328265 6.0
51.345876168363844 262.5972121640096 243.17201342556274 47.0
53.921233255843596 255.08623804442647 214.66660117924988 29.0
40.75336263056114 20.376824260241044 20.977060116681592 4.0
54.82056051010752 272.2211434869012 211.24622776394963 31.0
50.0406825684262 276.28155290920307 220.74983089595446 44.0
52.955082279021646 254.8084493243864 186.90208764927024 26.0
50.32851491944367 278.9798412112776 227.3136117796514 43.0
52.879555908643354 284.45619787706886 200.53624782123353 30.0
42.04146075202106 7.268922145521788 22.29511632352774 5.0
57.26259657861804 159.4366078128399 133.75332215613122 19.0
56.25753688625896 98.74911621776738 80.00207607116278 14.0
50.83620033396418 261.5553236993826 244.96591692710228 42.0
54.580436257194044 181.11318167249448 145.60512204362666 19.0
54.97057036828335 162.5597609736036 112.496761244264 15.0
58.858166952488716 123.9728514693147 97.90463616934804 15.0
58.029686931913055 256.99279621207023 245.77965718682987 43.0
70.61329684180602 268.4228855683797 171.6646166502134 28.0
58.41883446662458 260.37608994310443 220.38343965953513 33.0
63.66097142630717 218.17582433958964 168.7289401961417 21.0
52.10939459978328 52.53172300647921 41.646581313089904 9.0
53.44843314731944 286.4617916547939 206.90133173202022 34.0
54.665056591764106 151.8641360506371 118.72079507830708 17.0
53.0836867144352 195.38127340804238 127.49828513827947 17.0
50.74028452836352 273.24816494314194 215.72455988600265 38.0
48.2251552809103 271.11238001782726 241.54195101365212 50.0
52.798837532340336 114.41828743629408 91.7048693951447 12.0
62.48108618528923 222.6100828140241 185.91413523806278 24.0
48.932665741064326 121.38277058698995 102.32720330487538 13.0
46.54763878608313 74.44271023199482 70.47916074125384 9.0
55.63345472128865 246.6343105565264 173.4417973998892 22.0
61.94399639109791 270.6841749152777 208.2277782950167 34.0
51.91442778256704 259.28300527619825 254.46809045380456 38.0
52.36458179253139 265.9814050750679 206.4875060617743 31.0
51.55026444673346 264.18165733000535 240.99890715462843 48.0
53.64684485822485 243.70664999480672 185.01245024769668 23.0
55.30802562565575 200.81831649057105 150.42105215144045 21.0
51.90282510204149 260.1602526471605 245.26214397680604 42.0
53.19187748196807 250.38025404980525 172.1847634352734 22.0
46.43587667870075 252.00765923139323 278.7210142035449 49.0
48.99783036819975 268.50801401712664 226.47089141619517 33.0
49.23930568303365 281.63721851660233 245.38560494138625 46.0
50.86466524205812 287.47700725306186 224.09340762666054 38.0
53.643691674588744 282.38823194810755 206.17882021377338 33.0
53.7949102363878 267.03770133164295 215.42754178618318 32.0
48.38893320621256 61.819683100588165 49.18789082759708 9.0
51.32740125881889 170.77306965258967 149.23057251531102 18.0
30.0 0.0 0.0 1.0
30.0 0.0 0.0 1.0
46.38038379375237 69.26894989249016 51.20747398713482 9.0
52.74774048450921 223.88199766165417 175.51791303760876 23.0
53.285495116326565 212.12155427316512 186.0858462251928 23.0
58.96717718505168 284.30246752565847 213.20160780619594 37.0
55.33285905325246 95.16980679553421 68.6760102636991 12.0
49.07684659051837 224.8499001811683 188.18066466709482 23.0
52.317382519670915 53.155720262506634 28.65112455154253 8.0
54.42350733855909 221.89518063819034 177.3639208948792 23.0
55.8873661663712 227.90648864835597 162.36670354256404 23.0
53.08851972784369 269.25208810530717 225.4670544645933 34.0
49.24964202702662 43.5337238134623 24.239411285232514 7.0
34.109021739130434 4.990844609333269 0.07130066156590731 2.0
48.49067758789787 269.8742082805118 233.22753155460467 36.0
52.70936073273245 259.24337770040626 223.1602205651558 32.0
58.22692852077783 267.5401385203379 234.3983178862704 46.0
48.18826893047976 36.57899911986744 17.23670234138831 6.0
57.562702987308434 79.83087934175389 64.13556692597001 10.0
61.52006489140472 192.17275960219138 125.65775302441094 19.0
61.17772285741911 248.97477284936855 239.09614453040356 36.0
48.403263578792874 244.3575450935208 266.85251952269454 49.0
54.682215742835325 190.2019292524998 114.36418040065705 17.0
52.08644678949082 98.43352559374708 79.60944512531813 11.0
30.0 0.0 0.0 1.0
49.31715801533329 266.64850581529447 235.40779193356076 36.0
34.109021739130434 1.037782995914398 9.00535711036933 2.0
48.755975912489525 248.30464371062098 266.5815729936147 48.0
51.28950733456745 231.56198111647916 165.8660616452522 21.0
46.02751542302389 266.124076545615 239.43986404862636 44.0
51.870367124547336 265.6396908267296 240.56476262657216 47.0
62.783254916691135 196.8749712446133 164.00662873757355 24.0
55.43234719036037 261.30050345785264 237.3158318810606 40.0
30.0 0.0 0.0 1.0
37.783361147694976 13.921653791340132 11.648929833883102 3.0
59.9422420748005 261.7099979055069 190.0309611440647 29.0
49.873969303384804 45.312329444916166 23.550255529535935 7.0
49.59989323867392 280.59631570131626 220.84075294625478 47.0
52.77602850573199 275.1830289481094 222.25070903616938 40.0
53.391187402137 272.85997881435554 232.88028318023646 38.0
58.562539678954565 199.10496180693016 181.4162134700358 24.0
48.46131508306427 252.29977336031203 253.28316088204886 37.0
50.16723292450644 265.1141709813275 239.0544351916751 43.0
40.017686839611855 23.13828337990066 16.030216122534554 4.0
52.847626960677374 272.83156556669934 233.87019701008452 37.0
30.0 0.0 0.0 1.0
41.86586932302625 40.76587148929305 28.38872225294788 5.0
52.852010144662735 259.3744038458214 234.0175748139716 38.0
54.924768588432926 271.83588056562 209.02654642941587 34.0
53.40668845115279 260.43836670785754 206.74142017880945 28.0
54.87834439885374 273.48002253176423 200.86041406830157 32.0
47.11538909232744 270.3455492943326 242.58893930505928 42.0
47.57228141137865 260.37834575980736 243.34597468889817 41.0
45.78785761691141 37.517231593057126 38.85329338992371 7.0
58.24168057383868 269.42096543342086 239.05771923359964 37.0
54.75347845132528 216.83365806130456 165.4430554638802 21.0
46.83062074138358 39.039541367089505 45.77749322613043 7.0
58.07821210796262 273.029200216423 218.51097109473008 43.0
38.265164500079656 15.939436662209182 2.6699569619613683 3.0
50.82366462183268 276.7882257822743 224.40485807168773 39.0
60.68317938706436 257.5179223734395 211.8274579638169 35.0
54.14304649144141 288.34671039163925 225.25100826486926 42.0
48.369257587017145 238.38732262919737 184.5160182579927 23.0
34.109021739130434 2.0662674480324283 0.055827409139914685 2.0
51.02109963486599 273.2829549437852 228.24427001399792 47.0
48.67151442519711 44.014005958305916 29.495167578943807 7.0
52.45446952611496 276.26776165186334 197.9891892322675 30.0
40.852034254320486 28.64389249684713 30.465557036309736 5.0
49.823234748626874 233.74288658832458 168.3612436548523 22.0
55.64946286755041 100.37192844441414 57.10189090546951 11.0
36.86050599313984 9.18848961779795 13.647619294546079 3.0
49.646288863945195 269.32422703951715 220.89943393691289 29.0
53.093096319260084 271.5327857058251 232.8449195271795 43.0
48.369257587017145 238.38732262919737 184.5160182579927 23.0
50.69549694198477 96.88750182056192 66.43601216671954 11.0
47.9584584330168 272.78789378006576 240.50548606449433 39.0
52.598984736712914 237.64759999447733 169.60337893881297 22.0
60.379754775257815 267.04726130562534 215.6047732118237 33.0
48.72515116933333 205.05956153504175 157.67032134401452 19.0
53.89047923094195 148.34138530684814 117.04414282113787 16.0
48.755975912489525 248.30464371062098 266.5815729936147 48.0
58.14934154779081 188.0808704892655 151.94879265048087 19.0
49.867705145440304 241.7707788979357 186.64357542592583 22.0
50.10286201950397 230.12232602660018 180.73080402745447 22.0
53.1890392098977 186.25421966406117 139.67167755849567 18.0
63.12455825692178 242.5650490505044 211.7230767327814 33.0
52.84010200025997 74.16311384653523 58.93968512563131 11.0
52.46791213536939 244.5581938260351 217.96561424111948 27.0
40.35484814972884 5.9344796093506496 17.684487555182283 4.0
50.03637737605478 268.27916689515376 232.39582013204785 40.0
