0.348347336615491 9.997871341487272
9.007870701909654 0.21235802587191932
9.007870701909654 0.21235802587191932
9.007870701909654 0.21235802587191932
9.007870701909654 0.21235802587191932
9.007870701909654 0.21235802587191932
9.007870701909654 0.21235802587191932
9.007870701909654 0.21235802587191932
7.684118323652047 0.006620622682316224
9.007870701909654 0.21235802587191932
9.007870701909654 0.21235802587191932
9.633706934003861 9.856669019803583
0.46832771535899376 0.642319721195066
0.9646534832316678 0.14320614110073127
9.007870701909654 0.21235802587191932
9.007870701909654 0.21235802587191932
9.007870701909654 0.21235802587191932
9.007870701909654 0.21235802587191932
9.007870701909654 0.21235802587191932
9.007870701909654 0.21235802587191932
9.007870701909654 0.21235802587191932
9.007870701909654 0.21235802587191932
0.348347336615491 9.997871341487272
9.007870701909654 0.21235802587191932
0.348347336615491 9.997871341487272
9.633706934003861 9.856669019803583
9.633706934003861 9.856669019803583
3.906451087080429 9.913008559887173
1.265958771350466 9.927808116933964
2.913452810071293 9.806504827245714
0.348347336615491 9.997871341487272
0.348347336615491 9.997871341487272
0.0030866201655910253 6.89130552879212
0.16967660607532187 1.8628656270412547
0.05923530940287858 3.70146874136537
0.16967660607532187 1.8628656270412547
9.989327398416103 9.192779403603184
0.16967660607532187 1.8628656270412547
9.633706934003861 9.856669019803583
0.348347336615491 9.997871341487272
0.46832771535899376 0.642319721195066
0.348347336615491 9.997871341487272
0.348347336615491 9.997871341487272
0.348347336615491 9.997871341487272
9.633706934003861 9.856669019803583
9.633706934003861 9.856669019803583
9.633706934003861 9.856669019803583
9.633706934003861 9.856669019803583
9.633706934003861 9.856669019803583
9.633706934003861 9.856669019803583
0.348347336615491 9.997871341487272
0.348347336615491 9.997871341487272
0.348347336615491 9.997871341487272
0.348347336615491 9.997871341487272
0.348347336615491 9.997871341487272
0.348347336615491 9.997871341487272
0.348347336615491 9.997871341487272
0.348347336615491 9.997871341487272
0.348347336615491 9.997871341487272
0.348347336615491 9.997871341487272
0.348347336615491 9.997871341487272
0.348347336615491 9.997871341487272
0.348347336615491 9.997871341487272
0.348347336615491 9.997871341487272
0.045992408171036114 9.104705641311705
0.348347336615491 9.997871341487272
0.348347336615491 9.997871341487272
0.348347336615491 9.997871341487272
0.348347336615491 9.997871341487272
9.007870701909654 0.21235802587191932
5.50194021450634 0.00420350853964635
0.348347336615491 9.997871341487272
0.348347336615491 9.997871341487272
0.348347336615491 9.997871341487272
0.348347336615491 9.997871341487272
0.348347336615491 9.997871341487272
0.045992408171036114 9.104705641311705
0.045992408171036114 9.104705641311705
0.348347336615491 9.997871341487272
0.348347336615491 9.997871341487272
0.348347336615491 9.997871341487272
9.633706934003861 9.856669019803583
9.633706934003861 9.856669019803583
9.633706934003861 9.856669019803583
9.633706934003861 9.856669019803583
9.633706934003861 9.856669019803583
9.633706934003861 9.856669019803583
9.633706934003861 9.856669019803583
9.633706934003861 9.856669019803583
9.633706934003861 9.856669019803583
9.633706934003861 9.856669019803583
9.633706934003861 9.856669019803583
9.633706934003861 9.856669019803583
0.348347336615491 9.997871341487272
3.906451087080429 9.913008559887173
3.906451087080429 9.913008559887173
0.348347336615491 9.997871341487272
0.348347336615491 9.997871341487272
0.348347336615491 9.997871341487272
0.348347336615491 9.997871341487272
0.348347336615491 9.997871341487272
0.348347336615491 9.997871341487272
0.348347336615491 9.997871341487272
0.045992408171036114 9.104705641311705
0.045992408171036114 9.104705641311705
0.348347336615491 9.997871341487272
0.348347336615491 9.997871341487272
0.348347336615491 9.997871341487272
0.348347336615491 9.997871341487272
0.348347336615491 9.997871341487272
0.348347336615491 9.997871341487272
0.348347336615491 9.997871341487272
0.348347336615491 9.997871341487272
0.348347336615491 9.997871341487272
0.348347336615491 9.997871341487272
0.045992408171036114 9.104705641311705
0.348347336615491 9.997871341487272
0.348347336615491 9.997871341487272
0.348347336615491 9.997871341487272
0.348347336615491 9.997871341487272
0.348347336615491 9.997871341487272
0.348347336615491 9.997871341487272
0.348347336615491 9.997871341487272
0.348347336615491 9.997871341487272
0.348347336615491 9.997871341487272
0.348347336615491 9.997871341487272
0.348347336615491 9.997871341487272
0.045992408171036114 9.104705641311705
0.045992408171036114 9.104705641311705
0.045992408171036114 9.104705641311705
0.0030866201655910253 6.89130552879212
0.0030866201655910253 6.89130552879212
0.05923530940287858 3.70146874136537
0.16967660607532187 1.8628656270412547
0.16967660607532187 1.8628656270412547
0.045992408171036114 9.104705641311705
0.16967660607532187 1.8628656270412547
0.16967660607532187 1.8628656270412547
0.16967660607532187 1.8628656270412547
0.16967660607532187 1.8628656270412547
0.348347336615491 9.997871341487272
0.348347336615491 9.997871341487272
0.348347336615491 9.997871341487272
0.348347336615491 9.997871341487272
0.348347336615491 9.997871341487272
0.348347336615491 9.997871341487272
0.348347336615491 9.997871341487272
0.348347336615491 9.997871341487272
0.348347336615491 9.997871341487272
0.348347336615491 9.997871341487272
0.348347336615491 9.997871341487272
0.348347336615491 9.997871341487272
0.348347336615491 9.997871341487272
0.045992408171036114 9.104705641311705
0.348347336615491 9.997871341487272
0.348347336615491 9.997871341487272
0.348347336615491 9.997871341487272
0.348347336615491 9.997871341487272
0.348347336615491 9.997871341487272
0.348347336615491 9.997871341487272
0.348347336615491 9.997871341487272
9.007870701909654 0.21235802587191932
2.0947531214987603 0.07832397335833852
0.348347336615491 9.997871341487272
9.007870701909654 0.21235802587191932
0.348347336615491 9.997871341487272
0.045992408171036114 9.104705641311705
0.348347336615491 9.997871341487272
0.348347336615491 9.997871341487272
0.348347336615491 9.997871341487272
0.348347336615491 9.997871341487272
0.348347336615491 9.997871341487272
0.348347336615491 9.997871341487272
0.348347336615491 9.997871341487272
0.348347336615491 9.997871341487272
0.045992408171036114 9.104705641311705
0.045992408171036114 9.104705641311705
0.045992408171036114 9.104705641311705
0.045992408171036114 9.104705641311705
0.045992408171036114 9.104705641311705
0.045992408171036114 9.104705641311705
0.348347336615491 9.997871341487272
0.348347336615491 9.997871341487272
0.348347336615491 9.997871341487272
0.348347336615491 9.997871341487272
0.348347336615491 9.997871341487272
0.348347336615491 9.997871341487272
0.348347336615491 9.997871341487272
0.348347336615491 9.997871341487272
0.348347336615491 9.997871341487272
0.348347336615491 9.997871341487272
0.348347336615491 9.997871341487272
0.348347336615491 9.997871341487272
0.045992408171036114 9.104705641311705
0.045992408171036114 9.104705641311705
0.045992408171036114 9.104705641311705
0.045992408171036114 9.104705641311705
0.045992408171036114 9.104705641311705
0.045992408171036114 9.104705641311705
0.045992408171036114 9.104705641311705
0.348347336615491 9.997871341487272
0.348347336615491 9.997871341487272
0.348347336615491 9.997871341487272
0.045992408171036114 9.104705641311705
0.045992408171036114 9.104705641311705
0.348347336615491 9.997871341487272
0.348347336615491 9.997871341487272
0.348347336615491 9.997871341487272
0.348347336615491 9.997871341487272
0.348347336615491 9.997871341487272
0.348347336615491 9.997871341487272
0.348347336615491 9.997871341487272
0.9646534832316678 0.14320614110073127
7.684118323652047 0.006620622682316224
9.007870701909654 0.21235802587191932
0.0030866201655910253 6.89130552879212
9.007870701909654 0.21235802587191932
9.007870701909654 0.21235802587191932
9.007870701909654 0.21235802587191932
2.0947531214987603 0.07832397335833852
9.007870701909654 0.21235802587191932
9.007870701909654 0.21235802587191932
9.007870701909654 0.21235802587191932
9.007870701909654 0.21235802587191932
9.007870701909654 0.21235802587191932
9.007870701909654 0.21235802587191932
9.007870701909654 0.21235802587191932
9.007870701909654 0.21235802587191932
9.007870701909654 0.21235802587191932
9.007870701909654 0.21235802587191932
9.007870701909654 0.21235802587191932
9.007870701909654 0.21235802587191932
9.007870701909654 0.21235802587191932
9.665054895865836 2.2380044478904204
9.665054895865836 2.2380044478904204
9.007870701909654 0.21235802587191932
9.665054895865836 2.2380044478904204
9.665054895865836 2.2380044478904204
9.665054895865836 2.2380044478904204
9.007870701909654 0.21235802587191932
9.665054895865836 2.2380044478904204
9.968890052039779 4.690799608057681
9.007870701909654 0.21235802587191932
9.007870701909654 0.21235802587191932
9.007870701909654 0.21235802587191932
9.007870701909654 0.21235802587191932
9.007870701909654 0.21235802587191932
9.007870701909654 0.21235802587191932
9.007870701909654 0.21235802587191932
9.007870701909654 0.21235802587191932
0.348347336615491 9.997871341487272
0.045992408171036114 9.104705641311705
9.007870701909654 0.21235802587191932
9.007870701909654 0.21235802587191932
9.007870701909654 0.21235802587191932
9.007870701909654 0.21235802587191932
9.007870701909654 0.21235802587191932
9.007870701909654 0.21235802587191932
5.50194021450634 0.00420350853964635
9.007870701909654 0.21235802587191932
9.007870701909654 0.21235802587191932
9.007870701909654 0.21235802587191932
9.007870701909654 0.21235802587191932
7.684118323652047 0.006620622682316224
5.50194021450634 0.00420350853964635
9.007870701909654 0.21235802587191932
9.007870701909654 0.21235802587191932
9.007870701909654 0.21235802587191932
9.007870701909654 0.21235802587191932
9.007870701909654 0.21235802587191932
9.007870701909654 0.21235802587191932
9.007870701909654 0.21235802587191932
9.007870701909654 0.21235802587191932
9.007870701909654 0.21235802587191932
9.007870701909654 0.21235802587191932
9.007870701909654 0.21235802587191932
9.007870701909654 0.21235802587191932
9.007870701909654 0.21235802587191932
9.007870701909654 0.21235802587191932
9.007870701909654 0.21235802587191932
9.007870701909654 0.21235802587191932
9.007870701909654 0.21235802587191932
9.007870701909654 0.21235802587191932
9.007870701909654 0.21235802587191932
9.007870701909654 0.21235802587191932
9.968890052039779 4.690799608057681
9.665054895865836 2.2380044478904204
9.665054895865836 2.2380044478904204
9.665054895865836 2.2380044478904204
9.007870701909654 0.21235802587191932
9.007870701909654 0.21235802587191932
9.633706934003861 9.856669019803583
9.007870701909654 0.21235802587191932
9.007870701909654 0.21235802587191932
9.007870701909654 0.21235802587191932
9.633706934003861 9.856669019803583
9.989327398416103 9.192779403603184
9.633706934003861 9.856669019803583
9.989327398416103 9.192779403603184
9.989327398416103 9.192779403603184
0.348347336615491 9.997871341487272
0.348347336615491 9.997871341487272
9.007870701909654 0.21235802587191932
9.007870701909654 0.21235802587191932
9.007870701909654 0.21235802587191932
9.007870701909654 0.21235802587191932
9.007870701909654 0.21235802587191932
9.007870701909654 0.21235802587191932
7.684118323652047 0.006620622682316224
9.007870701909654 0.21235802587191932
9.007870701909654 0.21235802587191932
0.9646534832316678 0.14320614110073127
9.007870701909654 0.21235802587191932
0.9646534832316678 0.14320614110073127
9.007870701909654 0.21235802587191932
0.348347336615491 9.997871341487272
0.348347336615491 9.997871341487272
0.348347336615491 9.997871341487272
0.348347336615491 9.997871341487272
9.007870701909654 0.21235802587191932
9.007870701909654 0.21235802587191932
9.007870701909654 0.21235802587191932
0.348347336615491 9.997871341487272
9.007870701909654 0.21235802587191932
9.007870701909654 0.21235802587191932
9.007870701909654 0.21235802587191932
9.007870701909654 0.21235802587191932
9.007870701909654 0.21235802587191932
9.007870701909654 0.21235802587191932
9.007870701909654 0.21235802587191932
9.007870701909654 0.21235802587191932
9.007870701909654 0.21235802587191932
9.007870701909654 0.21235802587191932
9.007870701909654 0.21235802587191932
9.633706934003861 9.856669019803583
9.633706934003861 9.856669019803583
9.633706934003861 9.856669019803583
9.633706934003861 9.856669019803583
9.633706934003861 9.856669019803583
9.633706934003861 9.856669019803583
9.633706934003861 9.856669019803583
9.989327398416103 9.192779403603184
9.989327398416103 9.192779403603184
9.989327398416103 9.192779403603184
9.989327398416103 9.192779403603184
9.989327398416103 9.192779403603184
9.989327398416103 9.192779403603184
9.633706934003861 9.856669019803583
3.906451087080429 9.913008559887173
8.810832608144603 9.925258727987403
0.348347336615491 9.997871341487272
9.007870701909654 0.21235802587191932
9.007870701909654 0.21235802587191932
9.007870701909654 0.21235802587191932
9.007870701909654 0.21235802587191932
9.007870701909654 0.21235802587191932
0.348347336615491 9.997871341487272
0.348347336615491 9.997871341487272
0.348347336615491 9.997871341487272
0.348347336615491 9.997871341487272
0.9646534832316678 0.14320614110073127
9.007870701909654 0.21235802587191932
9.007870701909654 0.21235802587191932
5.50194021450634 0.00420350853964635
7.684118323652047 0.006620622682316224
9.007870701909654 0.21235802587191932
9.007870701909654 0.21235802587191932
9.007870701909654 0.21235802587191932
9.007870701909654 0.21235802587191932
9.007870701909654 0.21235802587191932
9.007870701909654 0.21235802587191932
9.007870701909654 0.21235802587191932
9.007870701909654 0.21235802587191932
9.007870701909654 0.21235802587191932
9.007870701909654 0.21235802587191932
9.007870701909654 0.21235802587191932
9.007870701909654 0.21235802587191932
9.007870701909654 0.21235802587191932
9.989327398416103 9.192779403603184
9.665054895865836 2.2380044478904204
9.665054895865836 2.2380044478904204
9.968890052039779 4.690799608057681
9.665054895865836 2.2380044478904204
9.007870701909654 0.21235802587191932
9.007870701909654 0.21235802587191932
9.968890052039779 4.690799608057681
9.95944589350654 5.046734301840492
9.968890052039779 4.690799608057681
9.665054895865836 2.2380044478904204
9.633706934003861 9.856669019803583
9.633706934003861 9.856669019803583
9.633706934003861 9.856669019803583
9.633706934003861 9.856669019803583
9.633706934003861 9.856669019803583
9.633706934003861 9.856669019803583
9.633706934003861 9.856669019803583
9.633706934003861 9.856669019803583
9.633706934003861 9.856669019803583
9.633706934003861 9.856669019803583
9.633706934003861 9.856669019803583
0.348347336615491 9.997871341487272
0.348347336615491 9.997871341487272
9.007870701909654 0.21235802587191932
9.007870701909654 0.21235802587191932
9.007870701909654 0.21235802587191932
9.007870701909654 0.21235802587191932
0.348347336615491 9.997871341487272
0.348347336615491 9.997871341487272
9.007870701909654 0.21235802587191932
9.007870701909654 0.21235802587191932
9.007870701909654 0.21235802587191932
9.007870701909654 0.21235802587191932
9.007870701909654 0.21235802587191932
9.007870701909654 0.21235802587191932
9.007870701909654 0.21235802587191932
9.007870701909654 0.21235802587191932
5.50194021450634 0.00420350853964635
9.007870701909654 0.21235802587191932
9.007870701909654 0.21235802587191932
9.007870701909654 0.21235802587191932
9.007870701909654 0.21235802587191932
9.007870701909654 0.21235802587191932
9.007870701909654 0.21235802587191932
9.007870701909654 0.21235802587191932
9.007870701909654 0.21235802587191932
9.007870701909654 0.21235802587191932
9.007870701909654 0.21235802587191932
9.007870701909654 0.21235802587191932
9.007870701909654 0.21235802587191932
9.007870701909654 0.21235802587191932
9.665054895865836 2.2380044478904204
9.007870701909654 0.21235802587191932
9.007870701909654 0.21235802587191932
9.007870701909654 0.21235802587191932
9.007870701909654 0.21235802587191932
9.007870701909654 0.21235802587191932
9.007870701909654 0.21235802587191932
9.007870701909654 0.21235802587191932
9.633706934003861 9.856669019803583
9.007870701909654 0.21235802587191932
9.633706934003861 9.856669019803583
9.633706934003861 9.856669019803583
9.633706934003861 9.856669019803583
9.633706934003861 9.856669019803583
9.633706934003861 9.856669019803583
9.633706934003861 9.856669019803583
9.633706934003861 9.856669019803583
9.633706934003861 9.856669019803583
9.633706934003861 9.856669019803583
9.633706934003861 9.856669019803583
0.348347336615491 9.997871341487272
0.045992408171036114 9.104705641311705
0.348347336615491 9.997871341487272
0.348347336615491 9.997871341487272
9.007870701909654 0.21235802587191932
9.007870701909654 0.21235802587191932
9.007870701909654 0.21235802587191932
9.007870701909654 0.21235802587191932
9.007870701909654 0.21235802587191932
9.007870701909654 0.21235802587191932
0.348347336615491 9.997871341487272
9.007870701909654 0.21235802587191932
2.0947531214987603 0.07832397335833852
9.007870701909654 0.21235802587191932
9.007870701909654 0.21235802587191932
9.007870701909654 0.21235802587191932
9.007870701909654 0.21235802587191932
9.007870701909654 0.21235802587191932
9.007870701909654 0.21235802587191932
9.007870701909654 0.21235802587191932
9.007870701909654 0.21235802587191932
9.007870701909654 0.21235802587191932
9.007870701909654 0.21235802587191932
9.007870701909654 0.21235802587191932
9.007870701909654 0.21235802587191932
9.007870701909654 0.21235802587191932
9.007870701909654 0.21235802587191932
0.348347336615491 9.997871341487272
9.007870701909654 0.21235802587191932
9.007870701909654 0.21235802587191932
9.007870701909654 0.21235802587191932
9.007870701909654 0.21235802587191932
9.007870701909654 0.21235802587191932
9.633706934003861 9.856669019803583
9.007870701909654 0.21235802587191932
9.665054895865836 2.2380044478904204
9.007870701909654 0.21235802587191932
9.665054895865836 2.2380044478904204
9.007870701909654 0.21235802587191932
9.665054895865836 2.2380044478904204
9.989327398416103 9.192779403603184
9.989327398416103 9.192779403603184
9.989327398416103 9.192779403603184
9.633706934003861 9.856669019803583
9.633706934003861 9.856669019803583
9.633706934003861 9.856669019803583
9.633706934003861 9.856669019803583
9.633706934003861 9.856669019803583
9.007870701909654 0.21235802587191932
9.633706934003861 9.856669019803583
