30.0 0.0 0.0 1.0
34.109021739130434 8.139526340464531 0.48350913774701354 2.0
38.532479274657476 18.12582447280471 5.104339410051125 3.0
42.21417105512097 24.625060773011857 9.105237387345518 4.0
45.56354650795605 35.79388416998524 19.312850239087858 5.0
48.050331209098744 44.20968506739678 25.24590279438032 6.0
50.26290802853917 49.89381791518197 33.31091168676145 7.0
52.166648084243924 63.52575573971512 39.050305053443104 8.0
53.869167364267746 78.55064289032201 43.949029200712914 9.0
55.40881860411153 92.70974675252076 54.8384286611053 10.0
56.649183658097165 110.13418712162962 62.71803862605043 11.0
57.68946399988342 119.52363326838726 75.0296549579752 12.0
58.52000788817067 129.75286868967225 85.44665213033599 13.0
59.19806068908333 148.37651009948925 100.09675724372593 14.0
59.67943516797757 165.19443222622712 109.6486575807926 15.0
60.03991183614937 176.90963075141096 121.32687259127783 16.0
60.29523066219422 188.4654476259562 135.29360081971782 17.0
60.449124774216465 196.7841728941467 142.56873120389992 18.0
60.55083185063203 206.290697859913 149.10110708172917 19.0
60.60411125216774 212.65066549335677 157.5882013052138 20.0
60.61329622557691 220.92733391277397 164.380207210906 21.0
60.58288343889135 225.51434282045125 173.2551972787695 22.0
60.51824823514316 232.99354434658596 183.76049022656466 23.0
60.41292904519098 243.34580586555222 186.98408055638552 24.0
60.28027380949181 244.8662203452241 196.34770357324007 25.0
60.12674586195417 245.47001602804016 198.84198937968566 26.0
59.96816521752396 245.4684840074337 198.29827722069285 27.0
59.81130917559316 252.10173699832117 199.06152509928378 28.0
59.64157295593972 254.48893863873735 199.2020693951435 29.0
59.46806727219787 253.3178390841374 199.3236089568635 30.0
59.297368673724094 258.22836293558896 200.75818452539943 31.0
59.11625995831238 256.645044312446 201.97305768568023 32.0
58.93694937623432 264.2663781589171 207.1171882845333 33.0
58.73723351974121 263.5198104696823 212.55524666233575 34.0
58.532034513962024 263.45393107430226 210.79518514213424 35.0
58.33070623599185 267.49180882249954 211.88334365156956 36.0
58.12232740357176 270.70968778708783 212.23950336467433 37.0
57.90945403143342 267.43452722051626 211.32825736853962 38.0
57.70453748200596 270.25034494935926 212.69951381663876 39.0
57.49444128594986 266.24033584633037 219.87504769360683 40.0
57.28266368873153 265.36884675840207 219.15529034589986 41.0
57.074494322728505 271.02833002434124 225.73222045780471 42.0
56.850951225476685 274.366899000434 231.31570283740288 43.0
56.61767071625787 272.71642104843767 232.6522752196353 44.0
56.38695471368442 275.3007059304093 233.61334416778155 45.0
56.15313369533281 278.29746668009193 234.87089149182543 46.0
55.91544594692318 278.4795764015224 236.9992737702505 47.0
55.67707847711965 280.3229698216626 236.98287140641384 48.0
55.43793202042934 280.60786237853995 236.5084680087888 49.0
55.20060826219718 274.49119701781797 233.98981879610156 50.0
30.0 0.0 0.0 1.0
34.109021739130434 0.20417606520265252 5.584278703282097 2.0
37.31110291446053 9.569016725251347 7.822813289035409 3.0
40.440350697810665 12.637725158212632 14.372762810047506 4.0
43.06445411871833 23.95626131336791 25.117727979620483 5.0
45.045642979017344 29.33035834160984 31.725505950212394 6.0
46.807919148465174 42.14242589649233 37.658361941171044 7.0
48.381600670118516 52.51626847202888 47.98764815140318 8.0
49.67884005014146 58.63516470172134 61.043463984034965 9.0
50.723234304655534 67.39110115726143 70.85799279435602 10.0
51.612212591252444 74.89207469935243 77.02545281310034 11.0
52.41807210164316 83.37558582381361 88.50569772728704 12.0
53.08598313499099 93.02457120094807 95.77183163173292 13.0
53.67057329193823 109.3884589140473 105.09912618020272 14.0
54.144685201097495 124.22060945220704 115.91646342576679 15.0
54.514242309116455 136.5441777631874 128.98848670362298 16.0
54.7860363021326 145.80216116034126 133.75397030237104 17.0
55.01650784962675 158.30627014478085 138.92842443641786 18.0
55.1985332195935 169.73702952266737 145.2088639010998 19.0
55.33242779574969 185.0735690567347 150.73287472430894 20.0
55.415679323235025 192.64076655707953 159.97222814983252 21.0
55.45525917507511 203.12375923317316 172.33438569084407 22.0
55.442007425320995 209.52568551955972 178.55811616225816 23.0
55.402647122256234 215.9099560759592 189.31977372845432 24.0
55.32968421745717 223.43797735371368 191.97216727427792 25.0
55.23934636989185 228.19499398278512 192.79835530994285 26.0
55.13995410951781 237.72032449100774 201.03673450048632 27.0
55.011640419593725 239.30672752454407 209.29326220740248 28.0
54.86869515700477 245.94677659423334 212.92861734223786 29.0
54.71133447938491 252.97942838442057 221.58873895998096 30.0
54.53331551160051 255.96336544185874 225.53972330440985 31.0
54.347352523210795 257.87593342712876 231.45394335501194 32.0
54.1531305542272 260.59551367413445 229.69129140305185 33.0
53.95836648451732 264.6090349113471 233.58082121577348 34.0
53.75533272793171 265.4274756796701 231.71117656291915 35.0
53.55443563226587 263.75416042774714 232.61221832519868 36.0
53.35601238172027 268.3612736142181 234.71237264463187 37.0
53.15078824605889 264.70557181610513 235.82806555133504 38.0
52.950373647787345 263.9795798221455 240.95758490985205 39.0
52.74712433610943 264.6008058133333 238.11412707183015 40.0
52.547110551681364 263.391587236461 239.47918479702162 41.0
52.34850456267783 261.6908907519308 239.56869705561354 42.0
52.15308662075358 261.26643552415624 240.37470490985024 43.0
51.95859843170175 260.08693045125705 242.22531387750522 44.0
51.76494766798247 256.1770697474599 244.4424681751639 45.0
51.574952990161684 254.61074040804183 242.77845855599995 46.0
51.38943228729017 257.395755758399 243.0342249844631 47.0
51.201549162436926 259.2795308998971 247.67410024540618 48.0
51.00849419669704 262.0735377581213 244.80274863516914 49.0
50.81599537074756 258.9797588968423 250.33838983529688 50.0
30.0 0.0 0.0 1.0
34.109021739130434 5.3444651521076025 3.5102723020958204 2.0
37.700939633295214 7.976409945826832 13.396834013249434 3.0
40.190348326297624 9.127929022773143 18.634304557494517 4.0
42.44538010883848 18.45171514677582 24.451666417873756 5.0
44.44745220161254 26.672068577457306 34.72541650315452 6.0
46.06355132553036 31.96712369198062 43.50774821190935 7.0
47.45500135023199 36.55087414586568 52.05291102363495 8.0
48.67465213891881 43.769328632426436 59.191405039869764 9.0
49.76864471721051 50.898514391739624 68.05562910709858 10.0
50.72358171349875 59.16984056341123 76.98386895534165 11.0
51.553978788272715 73.78169970560802 85.96220699961435 12.0
52.256304722964245 88.25265377606841 98.52173541689545 13.0
52.81373100213007 96.72266638375534 110.60635414562577 14.0
53.266688994808426 108.30261028078445 119.13880448101635 15.0
53.64350068790284 116.44444072105038 123.43185395126945 16.0
53.98134581865619 129.73211019808397 137.25316979623886 17.0
54.22402352118324 144.87318310191876 147.0169190227191 18.0
54.39666111199142 153.8064019621163 156.1493874796805 19.0
54.51980738559185 169.42803949441185 162.17445043964412 20.0
54.594767237486764 181.4945544340354 173.73101833723138 21.0
54.61601255434594 189.6873838335904 176.60174074509106 22.0
54.6158984794976 194.7160242296975 184.24869615150038 23.0
54.58963433773478 204.78656234063362 193.30139829027982 24.0
54.52832744893129 211.2428327526888 197.5482140795809 25.0
54.44901091348393 214.03663379401215 201.4707991463721 26.0
54.35862396696173 221.9214895362389 210.15494179312378 27.0
54.24253528210653 229.52532752929477 216.68988514480048 28.0
54.106281643596944 233.32840110343216 225.04963138365326 29.0
53.954046451733674 238.72992369819193 230.624725584998 30.0
53.78835112203944 239.498227446028 235.44589410777306 31.0
53.61683793947665 240.137837936058 236.92901885286693 32.0
53.44370777767336 238.51769020481146 241.6355559368333 33.0
53.26833113482008 241.82548365416469 245.25015851887827 34.0
53.08600210254646 238.75913590764287 244.13380419998185 35.0
52.90955233136804 243.381128464191 247.31557120907553 36.0
52.72523964589111 242.891015076049 245.99499889872 37.0
52.543856593447444 239.5790292344617 246.25786777033622 38.0
52.367123492975175 236.46493719784752 245.58800427182348 39.0
52.19567615827339 235.90309612879875 246.10951913724563 40.0
52.02523971504224 241.9018171875423 251.1830220174306 41.0
51.84381252963513 238.26038780356342 257.66730217222414 42.0
51.661440146934574 240.4261984474814 261.947442961159 43.0
51.47391392775214 236.45590068965336 259.49180760302244 44.0
51.293911698098036 235.97111181415403 265.0367873453666 45.0
51.11055843683106 234.22897961003045 264.94723886675285 46.0
50.93013680424218 237.71851789468874 263.3485768648821 47.0
50.74844086221704 237.61384625386566 263.35913774993776 48.0
50.56786265570938 236.00342445185433 261.5491856418764 49.0
50.39149845407206 235.85152928045528 259.3092016414542 50.0
30.0 0.0 0.0 1.0
34.109021739130434 6.080972667882754 5.5454915207648225 2.0
37.27620218446582 12.74668671058738 12.552791279843998 3.0
39.78224217863888 16.6308773094235 21.123802291934584 4.0
41.79259235864877 23.917505044600265 27.936363708766137 5.0
43.541337825572995 36.52122486200065 38.68507937096837 6.0
44.92941275958227 46.46589718016075 47.96055817128551 7.0
46.09730287613236 57.03719739399715 54.10914031153867 8.0
47.14496548846705 66.87923869805894 64.4429798338695 9.0
48.01914879958232 81.39863214212151 76.44405225430364 10.0
48.71765404473132 89.20499198602636 83.25844609452133 11.0
49.33887161103067 100.70875489803898 90.63852389402814 12.0
49.874848962739385 109.28039450761638 97.31034843889978 13.0
50.345401483689955 117.62787104020153 110.78891634563593 14.0
50.7124429376612 129.14996436368108 119.56110531803321 15.0
51.00989582263671 142.70383488699483 133.0716286351158 16.0
51.21982569440465 155.4271217707446 143.48093209152793 17.0
51.367161824671555 169.7589473754713 155.39602200591642 18.0
51.451278022202686 179.86776641499696 160.5006061695216 19.0
51.504120718143376 195.56820550916444 172.2820973564862 20.0
51.50255878862643 201.3488457620745 177.72329059172495 21.0
51.480269110329374 211.1612313073267 185.50829740908424 22.0
51.42799320399045 215.52853824865443 187.77455499174698 23.0
51.365288109772 225.18395055669626 195.28319188223188 24.0
51.27632943291067 233.7789434079966 199.53641886747232 25.0
51.169230829961116 236.0468843920514 206.69307892759545 26.0
51.0493485739454 245.21722339339576 213.14756568430602 27.0
50.90969711444832 249.031160989521 217.7015272894045 28.0
50.76043202193225 249.89519631502264 223.03426801909987 29.0
50.60481598714681 247.3575047354715 228.33627391919006 30.0
50.44729504613166 251.94836304237216 233.6694189854295 31.0
50.27980046738326 257.2175480584167 233.3118755762395 32.0
50.10751535894777 259.68972553958946 236.51711261190457 33.0
49.93038575476949 260.38443524024586 236.337633987882 34.0
49.75363990667112 259.9890610349411 238.91157234418654 35.0
49.576015623015415 262.5547702146271 245.5947544887264 36.0
49.390932551399786 261.4575302732356 244.00687470728062 37.0
49.2094219706511 260.20761176632317 243.70695943403828 38.0
49.030531721259514 259.4342595154583 245.5184350659847 39.0
48.85197090463704 255.236259409558 252.00458374180582 40.0
48.67346504088143 250.20784902860478 256.6088866604789 41.0
48.49733347418789 252.6524012487459 257.0405301109804 42.0
48.31948163170003 256.65953845751204 257.5114215228055 43.0
48.13842572735224 257.96604713400785 261.0600009782378 44.0
47.95460314190758 261.0063174257593 258.8677858572216 45.0
47.77058210795426 257.88693820212916 261.43073498418585 46.0
47.58877058435322 258.98445100362676 265.1469486025119 47.0
47.40446790741383 254.76700436202177 265.96728458898207 48.0
47.22453233243363 256.5636629920195 271.4731580250476 49.0
47.04040800088581 257.3814111654929 276.07696279405656 50.0
30.0 0.0 0.0 1.0
34.109021739130434 6.1804430630978 5.850182863426776 2.0
37.22061021295016 9.705709124300713 11.724141485548476 3.0
39.828411850631 13.954471795864626 22.002939369669917 4.0
41.800850461538275 20.0201329081363 25.885705594624813 5.0
43.67019036633932 26.47299348027511 29.142006172185404 6.0
45.47459653508082 31.016316971085512 35.68854740694817 7.0
47.0950962743069 44.71707439989301 44.34600357903087 8.0
48.46199856110801 58.624773333231516 55.6570233892738 9.0
49.564686584832465 71.01747144215769 62.65642761940543 10.0
50.533526788445634 80.12923961472258 75.50774156088984 11.0
51.31330224206109 92.56803628579092 80.98649916294423 12.0
52.009511287221656 107.28994919373704 87.54594658310513 13.0
52.609176553664646 124.9061230374644 96.5409275196499 14.0
53.09111683758377 134.9528529936201 107.40753406497156 15.0
53.47483378996597 144.49407232601655 114.54735840874567 16.0
53.79535573467269 161.36117343259002 119.92566208549569 17.0
54.049325432970065 171.54349888606947 129.83278032841608 18.0
54.235018390602946 180.49449990615705 140.13315726479425 19.0
54.36092664117193 196.83952794406747 151.87154414983766 20.0
54.41456563263157 212.00872120919212 156.9706716209748 21.0
54.42428735357946 225.3760183263984 169.11569133930394 22.0
54.37921437968404 228.7042348836197 172.55991081328415 23.0
54.320736820138436 239.39326769735143 178.6565327511667 24.0
54.23161440349691 241.69619534678796 185.88760339982926 25.0
54.125586195496865 245.87846264793242 188.69744090636047 26.0
54.00831807967376 249.8317929028217 193.99973939785016 27.0
53.876648021752416 253.26932023764644 195.1536930011976 28.0
53.73842492210239 260.4054470835822 194.64451523113894 29.0
53.59061720643798 264.898201406323 194.20129174442542 30.0
53.43726458977342 263.34490826881955 202.2023393405909 31.0
53.27588252227078 266.19630733561036 208.28009647470176 32.0
53.10338161058722 273.10928476948465 211.16304561474306 33.0
52.918666047752794 276.60903657271865 215.1794898115788 34.0
52.72569133527179 277.9493772601702 215.94678361691146 35.0
52.5312478000996 274.9019303908762 216.7541525978424 36.0
52.34118225822803 277.96767775307626 214.10213299685134 37.0
52.151038408044414 282.83962640962625 218.78882029347142 38.0
51.95076664194959 278.6592087836235 218.2950091947144 39.0
51.757668126045246 280.928772411267 220.16033465078345 40.0
51.56097303072125 277.51636027931534 217.1010344600567 41.0
51.37293498962109 281.683120112046 214.5374676090581 42.0
51.183317272413355 280.08286557318644 220.8422224177868 43.0
50.99059315930276 277.67454746401705 219.13331232987085 44.0
50.803714155303894 282.2977831976389 223.3056593977767 45.0
50.608297145063965 284.69693816385256 220.68928104714684 46.0
50.41363481546276 283.16859938874893 223.57599747944025 47.0
50.219380238763755 284.6636039177726 221.32524852586002 48.0
50.026617731576245 280.461435636092 223.13001726076294 49.0
49.838383170519734 277.07887936790956 223.12346301810837 50.0
30.0 0.0 0.0 1.0
34.109021739130434 4.495322043432257 8.22143095280327 2.0
36.85806287944111 13.720412991459376 8.970455148240948 3.0
39.74191935115344 25.38906780107226 17.63656600045724 4.0
41.9457365020564 36.95987110436646 23.304756592125994 5.0
43.882960211551655 42.4275445480151 26.85528814116586 6.0
45.73408479664691 47.80906844912649 35.94215612744285 7.0
47.28461202858951 58.85236493855335 44.83734729402622 8.0
48.58923572092244 72.46986725413682 51.50280985456317 9.0
49.73284682829615 87.01365507794621 62.84005895844701 10.0
50.6487999724554 100.61276408957731 67.68578734047263 11.0
51.471249603043354 109.67059697591198 76.92999124099117 12.0
52.165270539116314 123.8395531221232 82.04119097628048 13.0
52.77419327578152 136.2682478834435 87.73547682579729 14.0
53.30190370194329 146.56773817387236 97.29635959073993 15.0
53.72914149852235 158.64601999943866 109.82718148121451 16.0
54.04520346400767 175.03618752292942 120.46448330689948 17.0
54.26618362125153 190.657458502642 130.08997035285145 18.0
54.40947742678708 203.3055352321816 139.73985546427105 19.0
54.48956853992723 217.3550522879905 144.9182245191153 20.0
54.52373256537235 223.12425956445665 148.34516178230413 21.0
54.5360095998386 229.7510710776869 153.7765704007999 22.0
54.52018804866233 237.96048171842725 159.73380668117875 23.0
54.47374095875121 245.3963073279449 169.50382812677506 24.0
54.392088309144874 248.09483166058416 176.41119206178428 25.0
54.292257034295105 251.98496778286895 178.52624254078052 26.0
54.18219183520655 257.385035411886 180.65754764734885 27.0
54.05967832725408 264.4297042617526 183.2780102589244 28.0
53.92163771886234 265.72146820576984 183.30577338058558 29.0
53.78203344891473 270.1374509873538 184.23897704466347 30.0
53.63442398161117 272.71356265702263 185.0967557339704 31.0
53.48205823127527 273.92394644706104 189.5483134012915 32.0
53.321992980533395 278.20570283977304 195.38006301950483 33.0
53.14821952184279 278.19212514972895 200.1719511168469 34.0
52.96927741310423 276.93725301905545 205.6643258718077 35.0
52.786444005007894 278.8040221691726 211.90781646827853 36.0
52.59489292203718 277.29439334693325 215.97756205014812 37.0
52.40209202961199 277.49088534986026 216.06759129829746 38.0
52.2101033150516 277.87238256274514 215.59364661767535 39.0
52.019276642740664 275.13124452082263 220.16424785708742 40.0
51.82838620722899 270.7561592593861 219.19549125071669 41.0
51.645251982609246 271.6168584909506 222.2331962672126 42.0
51.4589376417741 271.5931026563146 220.05609931372663 43.0
51.27597612338985 271.5315348738813 221.30687632251124 44.0
51.092871325038146 275.77102294262585 220.84176656632627 45.0
50.906046977373734 278.49400357701523 227.4357828910201 46.0
50.71074707227631 280.6399446304942 227.5483326447567 47.0
50.51401818856092 278.33436325452067 230.7396061825048 48.0
50.31838999875439 280.3197730133972 228.74799455143446 49.0
50.12344888827245 281.7006594554732 226.5195019347767 50.0
30.0 0.0 0.0 1.0
34.109021739130434 6.120945850123427 1.641760975043498 2.0
38.182107679571104 14.472201836757304 4.984143553244822 3.0
41.87818817225547 25.400642586964643 8.273210313578673 4.0
45.31182378517423 33.88076865911254 18.08001215674207 5.0
47.8905334858292 43.07490678364526 21.85463428034629 6.0
50.320509272699006 51.30006731863593 32.37688414567879 7.0
52.262222353073874 62.7121403501209 37.8695314487702 8.0
54.018470742047185 76.17881285683276 44.03244706403848 9.0
55.57457476741824 93.39905295677201 50.345901557968986 10.0
56.92772500493289 103.25903540009912 59.70398160355822 11.0
58.066074838773964 118.12741163543033 67.89885897919126 12.0
59.020947780805095 135.67824113862116 74.00345993793844 13.0
59.83147249518781 149.92025924110766 80.83655322152495 14.0
60.511579164700926 165.9145324166652 91.25588284961181 15.0
61.02973937380263 178.90600378304322 98.31941641912329 16.0
61.44501053952201 193.5692551625139 103.67003027430052 17.0
61.77239135659617 208.6052975487787 109.12944214785234 18.0
62.01492489006681 224.6823905070333 114.34242555882973 19.0
62.17577554441414 240.6015857833015 122.04030336862546 20.0
62.24865171496281 251.867157678826 130.385617504597 21.0
62.252732656566515 257.281761812247 141.55034376173768 22.0
62.20148795884062 260.3723457139316 145.72899528224298 23.0
62.12877365101925 271.88506781539746 154.9424483069333 24.0
62.00074118348238 279.01115882326405 164.54149587848448 25.0
61.832770491539385 285.01258542331607 168.9328627947321 26.0
61.64236989429307 287.1851610953531 172.680301541256 27.0
61.44065330421318 285.68494941263293 176.9099710959148 28.0
61.235295579701955 284.55634337611485 183.36147348812878 29.0
61.02178359745394 287.56088918612977 187.159238716547 30.0
60.79697212747433 293.0604460347192 192.85243256880727 31.0
60.55369036341881 289.07078881429914 198.5451785309457 32.0
60.311288159126065 290.9950155497902 196.48281672762982 33.0
60.070052591016946 294.83294760697447 203.24208390310702 34.0
59.813931688971024 295.63140791847894 208.94826048372676 35.0
59.550894053674135 298.69162172097066 210.1556183652402 36.0
59.283087978322804 299.46705571998183 212.58091417417825 37.0
59.01318775596464 294.77484477397763 210.24920697787175 38.0
58.75626563606726 297.62042817598035 209.3396657950633 39.0
58.497611176262 292.57250592294184 208.47176361990327 40.0
58.25057551237692 287.44428145007106 210.1070035575012 41.0
58.01191126686165 286.1384244655993 211.76085342672897 42.0
57.77504666814801 285.246136980982 216.84010007515616 43.0
57.535134171898335 282.3684061160507 216.73481699593563 44.0
57.301639216843995 278.4812440822794 216.37130420810496 45.0
57.0763415016269 278.98027376302036 221.388558207263 46.0
56.84581985464031 277.4236065481696 222.96803743819333 47.0
56.61743108713079 271.6497622831672 223.34465193932908 48.0
56.398810428733405 266.88415435173806 228.49200322151987 49.0
56.18264972012425 270.48741468404387 234.98509168310878 50.0
30.0 0.0 0.0 1.0
34.109021739130434 9.614471412958562 5.545463971813818 2.0
37.250907970059764 16.486899055632296 8.457748575556558 3.0
40.229689834968994 19.13495078995211 18.688188333030105 4.0
42.429445156367485 22.200690496423114 20.71588163710505 5.0
44.64553224144623 26.849774854415166 24.662013370476814 6.0
46.751585304570874 32.86004847381453 28.32612354047753 7.0
48.76817251129954 45.56478861685912 38.84362620846972 8.0
50.38996045900439 55.539871988653054 48.20304859086334 9.0
51.758552247051 69.53369163328844 58.77350415424098 10.0
52.880855916283096 85.2460504440146 65.77187876345569 11.0
53.85308950230033 101.54097919241124 78.03127982742105 12.0
54.61691555967808 118.1701045466997 88.43000528567322 13.0
55.226814426719926 127.30569937875424 96.1986049731042 14.0
55.74752901412191 142.1133105421346 104.89976433467768 15.0
56.16414035866299 159.05064590627626 118.12641372583431 16.0
56.45461256794034 176.06058680084084 124.93858617125449 17.0
56.66816956009436 184.0456592962759 134.81147308292165 18.0
56.8186281918931 199.12970135191506 145.52335458444207 19.0
56.894009315522524 205.68196912716223 149.87601258523313 20.0
56.940517389047 218.42991025986072 152.9954648341812 21.0
56.950064408356994 226.56255670198013 159.92907076113946 22.0
56.92305845278885 238.33768027683914 164.6777319576704 23.0
56.86030728180832 250.81759984546886 175.12074430802096 24.0
56.75042865760204 257.9946359269724 183.16185078863327 25.0
56.61231090947793 263.7798113376347 190.83431182409396 26.0
56.45144266637123 272.10488670443567 198.4301834745785 27.0
56.265683624911055 276.90587040929285 201.19387933616053 28.0
56.0692457964209 279.87184732081425 208.82435822062166 29.0
55.85930434027471 276.3840808524774 216.04715779971968 30.0
55.64721354634129 276.16461730688883 216.5382051176146 31.0
55.43624006226448 279.76640386884003 214.30939999561312 32.0
55.22390755853507 275.4200014273574 211.789323416452 33.0
55.02243110319128 273.20888467782277 212.02848113019792 34.0
54.825188145187596 274.1673404363608 212.4394433343478 35.0
54.62722973106042 278.01937725362654 213.51689961546978 36.0
54.42359170583156 282.281319438303 212.96178269695267 37.0
54.215717518638556 277.9285575848641 210.73684273232936 38.0
54.018034527065595 276.2906641483346 217.9399151474773 39.0
53.815658057716405 273.38279648640133 219.59035283667794 40.0
53.616740585972 275.56427960015134 222.3151232746857 41.0
53.41313766405349 272.63956795327863 226.82973001483055 42.0
53.20999039301649 272.7931172692933 223.7539712098516 43.0
53.01112201320057 276.1020800089069 225.59748964596733 44.0
52.80725582584322 274.3833679493321 223.71072839919344 45.0
52.608845590942025 274.48337331806295 223.4896072678555 46.0
52.411764660256594 274.7265947078127 230.49259627726457 47.0
52.20865628523344 275.75800187366656 230.98032366774387 48.0
52.00510181874779 278.3318104371482 229.99555279389747 49.0
51.80060712457724 276.1990711142883 228.20843060708347 50.0
30.0 0.0 0.0 1.0
34.109021739130434 7.153815153971572 7.229078717086644 2.0
36.986595168856084 17.73559175697656 16.991654870312047 3.0
39.048380514131324 29.6194189128395 22.147001199414913 4.0
40.87857361419562 39.36402518474621 25.588059910508427 5.0
42.6084787511097 46.1972228678186 37.16448666398991 6.0
43.957214220063875 56.54485772807304 48.47862159362004 7.0
45.036757984737356 66.34668093016563 57.5385011256181 8.0
45.9522279462355 80.50457253887399 67.88262198436955 9.0
46.70143803215733 90.85274465510628 73.61685817560448 10.0
47.372438988443854 106.72541533730431 78.03875045903955 11.0
47.96911582181937 122.09668136255857 92.6709041535105 12.0
48.41140486942065 132.666938529535 102.34453564010465 13.0
48.770369623857405 146.57721502605983 108.51390426698886 14.0
49.06767061612275 158.26186810524004 115.22093004460552 15.0
49.309317944705775 172.3080117869337 126.18483805906271 16.0
49.47746579747248 182.58902829601348 132.95899082581352 17.0
49.6022271352631 199.6888950628407 140.58604621764889 18.0
49.67212221944077 213.46938196126752 149.03333971473756 19.0
49.69517048802596 220.00864646957763 155.14255316008223 20.0
49.69259051267912 234.4664095663281 159.86955574195014 21.0
49.65655374095897 239.2102083064308 169.6361139277376 22.0
49.594317674645254 242.4621152895597 178.49435889676738 23.0
49.512186964466146 245.14184073699033 181.28546829465287 24.0
49.422017985975124 251.09359653263198 189.77628291000312 25.0
49.311426042370115 260.1721508752576 191.5379183688681 26.0
49.18680073715799 264.0287881536416 200.3625861497659 27.0
49.046738165596004 269.7625867333857 202.1169159484125 28.0
48.89812682655898 270.25482747663204 207.80826770568098 29.0
48.743423960411526 271.3707242374771 213.7648058309736 30.0
48.58206939379804 276.5571075662383 216.8643558589576 31.0
48.41260051231114 272.67073949712886 220.74069743502767 32.0
48.2448526656428 278.07256788076074 224.54651972899424 33.0
48.068691943967806 275.06442481814673 223.0401320564765 34.0
47.898136029054996 276.17772679124073 223.9942537911858 35.0
47.72650090383112 277.65017529251816 222.79476896555778 36.0
47.555287094408456 279.7014623189058 228.49231549727924 37.0
47.37813353537134 275.2998667753253 225.85621773580087 38.0
47.2087825548138 272.88029826003554 231.92535790093268 39.0
47.03789901776207 273.91987064979685 229.42011570162072 40.0
46.868947782465646 270.54613911536416 233.65873326302685 41.0
46.70094335710939 271.3902382872217 233.41233990110246 42.0
46.53323616237441 271.77522967429456 237.5826094986756 43.0
46.36288949278642 275.0699262390736 236.98298466000622 44.0
46.190796011860186 276.7029985466683 240.7479042402122 45.0
46.01543265096937 275.8782443379124 244.06810792980443 46.0
45.83956352549032 271.0063397564397 247.40575973462387 47.0
45.666891678464985 272.1109748470986 244.5584582351295 48.0
45.496184647915285 266.5791439864457 244.8341546149019 49.0
45.331254043696916 268.9406577798705 242.4711955408787 50.0
30.0 0.0 0.0 1.0
34.109021739130434 3.572414064894085 5.447431313912833 2.0
37.312311726509996 9.41977188847218 14.258226426359386 3.0
39.6741602603687 14.915498994882569 16.694163961395148 4.0
42.00562798813823 25.85653422552815 19.692597348245897 5.0
44.2394299372448 34.401189012155584 26.39245511863953 6.0
46.17958895495366 47.0965503421819 34.693465518355644 7.0
47.8044565204631 54.114908077715 41.46092014504648 8.0
49.25107242290727 63.58554126956528 52.384103420615716 9.0
50.435925879759694 75.18026274518226 63.89274283791465 10.0
51.3982349138861 82.9704994262543 71.45717701062145 11.0
52.247111976566835 93.57527959491125 78.80015207979875 12.0
52.98824931204785 105.2406363857989 85.46126850081504 13.0
53.63535196205466 120.8456718441305 92.16855497200415 14.0
54.18340333683664 136.07129276916996 101.29185838853405 15.0
54.622047580349125 150.9804738685943 111.16149516161767 16.0
54.95919112604162 168.86909745123617 120.64895201596732 17.0
55.201075196280776 180.3043858538176 128.87776326405395 18.0
55.37813484241728 193.7926702764765 135.68941531725125 19.0
55.49704243287414 206.97718516108358 144.70189104365735 20.0
55.55524063966453 216.18866603204643 153.2027601749849 21.0
55.56809388508252 225.07112870916401 163.19017749266524 22.0
55.53660883224895 231.89217626648002 174.69190745053177 23.0
55.46587383609434 241.03352426429933 177.6569403421429 24.0
55.37286942158604 242.6321783714845 185.20962754259546 25.0
55.262912852024066 250.09816560723425 195.0864574864951 26.0
55.124033891402085 254.73895724655853 198.09336013413892 27.0
54.97363104432512 259.4748505063246 200.82941557804565 28.0
54.812439854121195 263.4496796727664 203.12138486677102 29.0
54.642683075231034 267.43250124054043 208.35449259321217 30.0
54.460842297234336 270.1230198796355 206.96513337911085 31.0
54.27780569745238 272.72277234819427 212.59163830127895 32.0
54.08506627915347 272.2663948351247 217.91643501799106 33.0
53.88792394030818 270.0698780973802 221.29644684612774 34.0
53.69121816039904 274.0286525871801 219.28475770345108 35.0
53.492519573080195 276.6438153851561 216.52181779235846 36.0
53.294504124993786 273.1427514719656 217.99825484575226 37.0
53.100858234280814 275.3805893746332 215.82985773004455 38.0
52.90773422167875 278.592491107058 219.86513237559308 39.0
52.707141869264 281.0722524027421 219.2664658214473 40.0
52.50515350017919 282.96059429044493 222.71671602091732 41.0
52.2985265690755 285.73553976079063 229.21599837696706 42.0
52.08359019045613 281.0709549545035 225.42070271116805 43.0
51.879502009094374 276.98115659377504 231.79393785608966 44.0
51.67580585274415 273.46536460715623 228.92469767631482 45.0
51.48039807940122 272.1864236748582 226.48616090892457 46.0
51.29011237984634 274.9029192062933 224.1236561645172 47.0
51.09994440235549 275.2600547635362 224.69863857795696 48.0
50.909933926492776 275.14485689151917 224.5109394167601 49.0
50.721393287113465 278.6429859614833 230.35428210336627 50.0
