30.0 0.0 0.0 1.0
34.109021739130434 1.5723050699274776 6.562593776580905 2.0
37.13025884396645 7.037419974367513 10.55604600460772 3.0
39.88160919892326 14.324279397616994 14.91505608556584 4.0
42.39144719321122 19.72622572904467 24.45766069137112 5.0
44.3827499635973 27.77038372213137 27.103052466928848 6.0
46.32953836436681 38.403697594644534 30.98005001830144 7.0
48.16049613198498 48.21860834554655 43.05984253207985 8.0
49.60173383189929 58.60162648081141 53.3255598190855 9.0
50.799120452703164 74.4431813837779 58.91636677812183 10.0
51.865379024797626 91.74931810096831 65.1135704116834 11.0
52.79338547045472 107.04021047734071 71.46676567661194 12.0
53.59810370850992 123.0633357258746 83.21047732807102 13.0
54.22615812440085 137.41640965823984 97.60079301671573 14.0
54.69013122913538 147.65838930897783 109.79114769209694 15.0
55.045316272576144 163.87589530786374 116.31029950787484 16.0
55.32350961052819 173.61643027221177 127.30680564200998 17.0
55.524120028360215 183.40603612475084 141.20558625379263 18.0
55.64536055755112 198.10284913281714 145.9296706938581 19.0
55.71859029243936 204.03438740222484 154.1586434481998 20.0
55.75335516612901 209.2882075661436 160.42971460377564 21.0
55.75960966842986 220.66774800365314 168.2187693661002 22.0
55.7239365575683 231.19465558902715 170.70555336774694 23.0
55.66290571785284 243.54654564222247 177.25035976380906 24.0
55.565706504807025 247.11916822559263 186.20181894799933 25.0
55.445679689449754 249.92141717320428 192.15834600711688 26.0
55.31113642287616 253.53891095653364 199.11136323587908 27.0
55.160234758373804 261.0630672113832 204.28917462157276 28.0
54.99072441607529 267.9048200712117 209.5745503602735 29.0
54.80464902725513 268.98472981371276 209.61784254657263 30.0
54.61796930547139 266.8726294289733 216.5309794788339 31.0
54.4269049722793 269.75855766899184 216.44148301237323 32.0
54.23295105917911 265.83241991317715 216.51866407970238 33.0
54.04561538991131 262.3922475969244 223.5412459987463 34.0
53.85594029063446 258.7858947313318 230.4183749198513 35.0
53.664534278120655 263.1526791995125 236.3693571916566 36.0
53.46235390724933 265.7903131851417 239.75940109691166 37.0
53.25475466066599 262.0344998432873 236.84517217657077 38.0
53.05604373476345 266.2352869446724 235.2945314974097 39.0
52.85482440252724 266.61173084911616 232.97016004177985 40.0
52.65668680080261 266.0632446513282 236.6181133409787 41.0
52.45688015813211 265.87031818162535 238.3713563260451 42.0
52.256878879566266 261.93924939358425 240.15526687310896 43.0
52.06116329132579 258.46653178958775 242.49748883829523 44.0
51.86854689315296 263.03954902758665 240.25340888576878 45.0
51.67380065552164 267.27469338688655 244.78888595224305 46.0
51.47125120076161 266.96989551980977 249.5041126803033 47.0
51.26631867167144 266.90934431997397 251.40283302283237 48.0
51.06120959637066 261.03893439429106 249.76238561978417 49.0
50.8652597327932 262.59328405244844 248.7487634851648 50.0
30.0 0.0 0.0 1.0
34.109021739130434 3.6123353392387103 7.468473499240007 2.0
36.97325180321143 8.137499141932231 15.519472041318027 3.0
39.19993490481048 18.123480404384708 18.654099205208446 4.0
41.32269558871473 28.219274676188164 29.16486750369979 5.0
42.965954313146575 38.94712494835004 34.65085172737998 6.0
44.44701346377965 52.10841878262291 41.769841757237785 7.0
45.729342544611264 60.02897990458015 50.785716958636954 8.0
46.820167293110565 66.92521523529416 55.91432178005784 9.0
47.82685917228627 83.01088786730668 63.53982200405092 10.0
48.68565680864694 94.80955050022524 68.11896311399542 11.0
49.466400723025764 106.0891386773115 82.48542060911869 12.0
50.06608833552528 117.72242553945247 92.15538537643174 13.0
50.55934969409461 133.87596755013826 98.31827616713187 14.0
50.972796166397146 152.31678820346275 107.04819808039565 15.0
51.29063319285911 164.80821147080462 112.3953085522887 16.0
51.55314510446224 177.12309411576507 118.4270278199308 17.0
51.76050274211096 194.78538814437732 126.51412371482967 18.0
51.89674246784405 203.52900362194526 130.84809641656702 19.0
51.99925615750116 210.9050861908328 140.51528406907067 20.0
52.05524766758495 219.67974133621786 144.19357500125386 21.0
52.08368740255905 234.17022078394479 149.00185385951457 22.0
52.072232547712716 245.65589607873858 151.88748277956634 23.0
52.032871106798375 254.9964657282859 155.26589160086905 24.0
51.96934139129233 266.05714868685016 163.3657082350822 25.0
51.870732663222505 275.31403726096414 166.7609608017871 26.0
51.75102231149807 278.2343058326268 166.71520941977087 27.0
51.62705380764626 281.9197448603099 169.5599371561292 28.0
51.492992719541476 282.9329541466331 170.95639059214267 29.0
51.355715216638856 290.2631255364961 178.17530706152215 30.0
51.19720492617059 295.1713608587589 185.49756413485926 31.0
51.02273287907631 298.383678293106 189.56821043661373 32.0
50.83980171436799 301.131910418438 196.56745564415394 33.0
50.64643730361416 298.70237288434794 195.1907362256007 34.0
50.45907072965047 293.737487957806 196.46943632643993 35.0
50.27817608089688 295.6491044834774 195.75501864888858 36.0
50.09656493751469 294.9923141482158 197.66017707554988 37.0
49.91487530600837 295.4196383160695 198.23904043746398 38.0
49.73310359331911 295.71673381936057 201.67193740525562 39.0
49.54853062043501 296.34058065775713 205.60216879335044 40.0
49.36044866510213 297.98030083793986 210.43602810027878 41.0
49.167035361050026 293.91207619828054 212.77981997078965 42.0
48.97762076160078 292.9342318686235 214.71978149032446 43.0
48.78881656269417 294.9759362898794 213.37658482433937 44.0
48.599997789378406 293.06611755578905 219.10077340770513 45.0
48.40964213897274 294.1477824991592 216.39941809952748 46.0
48.221552749881205 294.2774386218327 216.51993525130428 47.0
48.03439918569547 292.7057391687723 222.8659417769594 48.0
47.84495169953035 286.7539327522874 225.1875582992047 49.0
47.66125683801293 286.1485357304559 228.6019986984484 50.0
30.0 0.0 0.0 1.0
34.109021739130434 8.788180733417292 9.314964992919055 2.0
36.68674976431442 19.5215921749275 16.00241120139028 3.0
38.789659089320615 29.87785709370965 26.352645616292424 4.0
40.38618540740083 36.244781352072884 32.4768253450721 5.0
41.80842282372281 43.90366341015947 40.63506104535724 6.0
43.02424160783475 53.48507696485787 52.171854920654205 7.0
44.000861883860054 65.91896195503723 57.53669331391859 8.0
44.88137327182181 76.99176587321448 64.22420383381717 9.0
45.65786890738598 93.79564439666906 76.57758053731004 10.0
46.26346036747714 109.8077594824678 85.5119574830499 11.0
46.760378232573736 123.26861776961093 92.27506215677414 12.0
47.18268419157217 138.01169733784724 106.74697956934844 13.0
47.48872946141727 153.61874021124544 114.37286940408023 14.0
47.728616659853614 168.35999971271454 123.33666032786729 15.0
47.90430653378501 182.51852531065592 134.72180711381512 16.0
48.01539698687836 197.76657593186832 146.4903287554981 17.0
48.06731301206115 205.98507135216494 156.35236275120977 18.0
48.08233579071703 216.76678127265626 162.19725074836148 19.0
48.06869972457314 230.1868453217505 170.42643028025006 20.0
48.02017695397951 239.21147156414523 173.74734436974416 21.0
47.95355898092885 245.12490230491082 179.85019387540717 22.0
47.86950463715778 255.19697049617068 189.2139373961377 23.0
47.75955296490379 259.07627927100805 198.57062276719125 24.0
47.633668407836026 258.0773069913319 200.71458468152213 25.0
47.50699033591515 263.2198996922597 209.4093752862264 26.0
47.36545359217273 265.28917885653476 216.525099602814 27.0
47.215231024446034 266.1101068134481 215.8578644822086 28.0
47.06548420521931 268.4148904925982 214.1626303927973 29.0
46.91557467041138 275.07044070412246 219.08548792720765 30.0
46.75480628449008 280.4226228094434 226.4318802608601 31.0
46.58324066019712 283.67657740259284 232.97744495683463 32.0
46.40441554053595 281.7603240185525 229.60763298567392 33.0
46.23107759124973 280.9210722020812 227.1533292478312 34.0
46.0614644419297 282.9417182508846 232.3844812538605 35.0
45.88693258300444 283.15631504980524 229.44029728341593 36.0
45.715389531133596 285.90060633148033 228.30870023042957 37.0
45.543028833184934 285.5929006810302 225.507347223773 38.0
45.374049123645015 284.92405759762073 228.6050956441242 39.0
45.20442146470847 286.2848130488387 227.88082168189965 40.0
45.035015161595894 287.4937593758356 228.35455263016894 41.0
44.86512462921821 284.7761383391492 231.4583524292436 42.0
44.69658846646711 283.2883817950725 229.81817516544112 43.0
44.531550126567765 286.7574394100605 232.5477117787573 44.0
44.362421642857576 281.96110045504594 229.48424071606073 45.0
44.20073218257276 276.5731867384614 234.49007150489928 46.0
44.04129220749733 271.4485603669943 235.83809790856557 47.0
43.88629481499484 266.4690425427569 242.30267371950725 48.0
43.731978592508305 267.0158327352261 240.30610592281022 49.0
43.579367249780795 270.79562348850493 239.82691335955585 50.0
30.0 0.0 0.0 1.0
34.109021739130434 0.7843813517401954 3.0136774711233216 2.0
37.85736507036343 10.890252644486017 8.41178500967302 3.0
40.948415190195014 14.517299050019737 17.118955053129334 4.0
43.35821369526353 22.560790119611756 18.529982359469688 5.0
45.810301748923486 26.11386038575495 22.39059324841227 6.0
48.15220403058932 37.49583507382934 30.919881261504845 7.0
50.10526299453081 48.24240789532294 35.44049339376334 8.0
51.91748788272615 58.26075705875914 46.84781597097135 9.0
53.380531186013314 69.92202500110022 59.550125623381334 10.0
54.54446949112934 83.36011718820902 66.64845398566388 11.0
55.560812506888574 93.29113774125537 70.85694566845333 12.0
56.49989308334677 103.5166451069119 77.30003232523384 13.0
57.331213734805175 115.35788730783852 84.69990150343924 14.0
58.04551338988169 129.34315110480776 89.63871781243732 15.0
58.670584069258446 145.12807015191896 101.80807985223532 16.0
59.141013507014065 162.12664040096666 109.53297850908578 17.0
59.506124889094714 175.00123316935895 123.01218422155259 18.0
59.753586101128775 190.6180083292316 130.35826827699333 19.0
59.92232212195922 206.74827945211817 140.57631412998325 20.0
60.00557881309703 214.46543099936156 145.4471188096738 21.0
60.051443079291246 221.5910877604473 154.1108666950065 22.0
60.050944209307545 232.07016346309223 162.05960972286505 23.0
60.00291991982584 244.8095597087847 169.4316464440127 24.0
59.90801323077865 253.84506862501428 174.0924411061115 25.0
59.78355178909925 263.7703063277887 179.9896330631185 26.0
59.626958138898964 266.97362421758316 181.8287814887912 27.0
59.461155027948216 273.1471548564832 188.41058096922086 28.0
59.27229068892484 279.05231669637936 193.9715882712554 29.0
59.064279543004 281.2832663046765 199.9429193225863 30.0
58.84447429248598 280.2186542327703 197.55306705765375 31.0
58.631552297231416 281.0251957308661 197.28643691914058 32.0
58.418951768670375 283.8622949504269 199.4201767270614 33.0
58.199608545851255 282.6508794064367 202.75333613677316 34.0
57.97914957272185 285.3822076616672 209.375078451897 35.0
57.74678006403066 289.52278773385166 206.25885940841528 36.0
57.51315106252074 286.1075531172247 210.2428031381631 37.0
57.28177530669513 281.48330153000916 214.91553936045526 38.0
57.05366146468984 280.16054504182557 219.1872520961223 39.0
56.8240681621735 281.63862734353916 225.2626889062397 40.0
56.58691977321625 281.02313856632037 224.47179615768627 41.0
56.353260951980616 275.52500931376454 230.45076741173622 42.0
56.12273724339192 277.00238684899165 235.4248240028265 43.0
55.88651655894736 274.1498595942783 234.20616198218093 44.0
55.657213069367714 276.0259920411993 230.80591736298 45.0
55.43044452833737 271.69673119447555 231.2312274608113 46.0
55.21081228773812 270.5474787074314 234.96282845319118 47.0
54.990312330159355 273.4467286280134 233.14349075558587 48.0
54.769242075317635 269.46801680344197 236.9446347528176 49.0
54.55112528043756 271.1903346390545 239.08465747377716 50.0
30.0 0.0 0.0 1.0
34.109021739130434 6.355002584844454 2.2713410457527194 2.0
38.00246250670926 9.432932081534304 6.746189953307926 3.0
41.38715486002526 10.72771334264846 15.840072925595287 4.0
43.97096444345735 17.460388557716108 17.17507162334185 5.0
46.62216046525814 20.740316838960315 25.52824929319317 6.0
48.85489626089416 24.299666515141077 28.20040200927392 7.0
51.070393312723766 34.59426112727101 36.76026177118952 8.0
52.95619042347338 41.16216914001556 44.617453877349135 9.0
54.62018225779391 53.22167977702007 54.05174924241966 10.0
56.03062977129078 66.3811970951436 63.827850871394794 11.0
57.217518474836886 81.48677848203145 75.5816143706918 12.0
58.17583429907711 94.85203750982363 84.0858386122341 13.0
58.99016828376493 109.37003869812354 90.39392589696213 14.0
59.69499892671161 126.64089113559783 99.93992105205535 15.0
60.256836468036866 140.1531475066987 112.91773071446713 16.0
60.67725946612123 150.82320623490529 117.78749979732996 17.0
61.036145732738234 165.50596384487693 125.12224809182247 18.0
61.30976530352053 174.75236777834834 132.5930242268557 19.0
61.51869045783354 184.5097395706489 143.10737111420897 20.0
61.65302774030748 193.45204861397056 154.82385002306657 21.0
61.71842121373452 207.06850368766567 166.72767233146263 22.0
61.71170431675541 212.38129631598312 173.83566847151118 23.0
61.672258082980726 221.39512156288197 183.08476740796132 24.0
61.58927926862278 226.39842199718282 192.48390824740164 25.0
61.47449004929705 236.00418696784067 200.3933237886556 26.0
61.32490760691218 241.13813414333262 200.31127552935786 27.0
61.166267942901335 249.39752563875703 206.94284098933582 28.0
60.98086768724203 256.3917975042201 212.25450533101366 29.0
60.77499540164493 254.58330491681457 218.13932915785716 30.0
60.564516692006315 255.23799666677994 217.0390027759333 31.0
60.35582797025765 253.79411432438732 220.07112452413554 32.0
60.146389733665295 255.3326265883235 225.33411819952127 33.0
59.92813521468444 256.17014897130156 225.0264897026664 34.0
59.71029792684319 260.1484673473565 227.9882926991454 35.0
59.48336857449914 258.96334690784823 233.57466280286326 36.0
59.252679013956055 258.7963857305222 234.50821121886747 37.0
59.02263635176068 258.272445204447 233.98874671071164 38.0
58.79558675639804 257.9634418125155 240.39072846485314 39.0
58.56281403615613 261.012604674992 241.36244261171288 40.0
58.325967339203 263.15899490110684 243.0432004569304 41.0
58.0857313190332 265.7005941802444 244.23733789498812 42.0
57.84221197529252 259.3134886108686 246.78476203703107 43.0
57.60681722012197 261.23658258876924 251.39047843774986 44.0
57.36552655955272 263.1075227702181 254.3190114435698 45.0
57.12045282535038 258.14755284205484 251.41061358434175 46.0
56.88680486615713 258.40163779481804 256.07824580889337 47.0
56.6497442397319 256.2453971770702 261.084889732894 48.0
56.412323786127544 259.1623958752419 265.67379976288674 49.0
56.1686062378328 252.09872481299777 261.3913079380401 50.0
30.0 0.0 0.0 1.0
34.109021739130434 7.018668933086392 8.456722967786181 2.0
36.809828506606685 9.424142030836563 12.724007009302017 3.0
39.27259717935649 20.682281815043492 23.299898725755266 4.0
41.09618024430599 30.045220916174095 33.32085842505238 5.0
42.55361354690702 43.22691514614462 40.077514236643694 6.0
43.824107569075196 56.71633727611286 45.82267901308983 7.0
44.957390399143534 65.71894750937086 58.61405541346198 8.0
45.854068777692845 80.65109828542052 68.65367432360996 9.0
46.59015386560009 92.99874819782305 76.56193746836026 10.0
47.22031197926974 103.49881988623873 81.9945743991303 11.0
47.783450917600845 116.29260200755141 92.44905313962902 12.0
48.23795596721866 132.08305719438204 105.75955762658775 13.0
48.575303049517196 141.2601957277777 117.05310233216775 14.0
48.8376439864377 156.30462808561808 124.53432515820434 15.0
49.039540072069265 166.53475972514119 130.42152079219804 16.0
49.200472299723174 184.12208834352435 142.64976387135727 17.0
49.28976314538453 191.37377697200242 147.15484837245376 18.0
49.35396678713486 199.96706370199877 151.8899641593318 19.0
49.39143771190173 210.57170235078684 159.39287717931097 20.0
49.393906300047675 223.95508276326612 170.50297700777548 21.0
49.352959123111816 233.97327454513274 174.85208366180692 22.0
49.28957508992222 239.91618019102373 183.02061661944572 23.0
49.20448502176706 250.51242131441575 193.06431874905186 24.0
49.09088303294581 254.99357335302906 197.805931233459 25.0
48.96575657893414 256.206025384251 205.41620242917244 26.0
48.83042503551094 263.2474691167794 209.39850375991165 27.0
48.68274347865451 268.6939929428487 210.9597408283391 28.0
48.52767751928416 269.3454236168414 209.4782822411628 29.0
48.374147710855006 273.65255930790283 209.69029024723343 30.0
48.2161222987963 277.64416385993445 214.78067785596863 31.0
48.049388041902795 282.1633455207164 217.92369630146536 32.0
47.875639743411746 286.3757203019436 219.75029407704264 33.0
47.696670171210826 284.6537080879891 222.33991162587432 34.0
47.51846741316625 279.18865411410997 226.2378163489915 35.0
47.34390856918359 283.6021037999806 225.93737010426227 36.0
47.16598912951938 287.24648140356254 223.291515404116 37.0
46.98743413755337 285.5423242205326 222.78093262286254 38.0
46.81214223895683 282.5669000862438 222.54103803938452 39.0
46.64116979341952 280.46861885830384 227.08105986557112 40.0
46.46970061554844 283.3480685091657 227.51042551348868 41.0
46.29599658860977 283.2562716495717 229.16164164059515 42.0
46.12215342430368 280.02772052663755 229.61009481243286 43.0
45.9521677387423 279.13429496994735 227.60966159071967 44.0
45.785559915423605 279.49996599221004 226.3358701691807 45.0
45.620514998658244 281.39980837258827 227.07579347451494 46.0
45.453986402273074 277.9233265004188 232.92457901662885 47.0
45.2873890283385 280.8291388252388 238.80537300467606 48.0
45.11492697802332 275.2200727185755 241.07647977603784 49.0
44.94700226942855 276.61599054354014 247.28045310121556 50.0
30.0 0.0 0.0 1.0
34.109021739130434 2.003739364032029 5.974405579109268 2.0
37.22796940032488 12.159228956068082 15.39265062756404 3.0
39.466855802977925 16.123261311022645 23.84469656506689 4.0
41.29575494893612 28.05183931749322 31.447919024509712 5.0
42.843608518145345 36.59821513171062 36.31947625215143 6.0
44.27005863939169 47.480402661711004 47.10886838007451 7.0
45.4251912224135 53.22473572396765 52.070245330590794 8.0
46.500305948421286 61.93901934730311 59.54197229606855 9.0
47.44713967568206 76.61448569522616 70.43182467938499 10.0
48.21715033052293 92.99209653911603 77.86158295030435 11.0
48.87262019309604 108.51154809449113 83.49919682371676 12.0
49.443328999391376 126.4787963311742 89.46296773121048 13.0
49.92510623645872 138.89218655668805 99.15105987386545 14.0
50.31137597788895 153.0195095261436 105.05908918600912 15.0
50.63171008486358 163.05806701447153 119.15421625463188 16.0
50.85866552638864 173.89743636758163 129.22309044937143 17.0
51.02176405969637 190.3869344910237 139.85970463897615 18.0
51.11572525492097 202.10080829554204 145.135202971 19.0
51.17211850196963 208.9243036494954 150.6841004291217 20.0
51.20088731048792 216.7450419211867 162.3944874097147 21.0
51.18745063108848 229.4639283196157 166.93112262271652 22.0
51.143544014827256 237.39271780058695 175.7599868591591 23.0
51.07025712922272 247.59109053874158 186.135890582025 24.0
50.96458205575143 251.93950549024817 193.72113989136037 25.0
50.84186147576731 261.28699069722893 194.27201173320594 26.0
50.70592363598204 266.46139867232415 203.13675522162484 27.0
50.55239634332246 272.05010909034047 202.2718016464281 28.0
50.39329167322 277.4492430612006 202.37978253411794 29.0
50.22780835390903 275.681651839324 201.1886854569624 30.0
50.06685424427851 275.75604044885927 200.78420469491695 31.0
49.907093500830506 281.3655806771806 202.51968455128687 32.0
49.73900188017741 281.37796127836475 201.7026011103315 33.0
49.57269431509755 279.69824546665643 199.7814322503443 34.0
49.41153207518699 276.7966580015177 205.6277292323975 35.0
49.24851851877556 274.74550092757596 208.38190414418048 36.0
49.085982015315636 275.9315588831177 210.99172756544178 37.0
48.92020255567031 278.64368596372526 216.20015404903643 38.0
48.74705896972022 275.34200253526564 214.15477358805578 39.0
48.58067522499062 273.1178955709523 213.2916532041084 40.0
48.41861108740858 277.4082596974467 215.09602663528494 41.0
48.2507363850985 276.5029874905242 220.0279487886043 42.0
48.08026283471284 274.97175666213 224.48795633033438 43.0
47.90847261449889 275.98831890044295 226.01087368242227 44.0
47.73525148285593 274.1847371495717 232.46711973934146 45.0
47.55956479220206 268.9099113407368 230.73547115014992 46.0
47.3917673576783 272.7418668901614 233.15595076422068 47.0
47.218991591788814 269.8438170864003 235.33223598851598 48.0
47.048391196510494 266.5168599675897 239.97632740119838 49.0
46.87840407422859 265.5985684082821 237.01048983547432 50.0
30.0 0.0 0.0 1.0
34.109021739130434 6.891865248682201 6.2842558677533695 2.0
37.14053361443656 12.769312433059682 15.056531117085216 3.0
39.39698454611197 14.636286525703655 23.822785422402312 4.0
41.22876479860877 23.56543243066306 34.812060619652414 5.0
42.66658171191999 36.49450687741559 42.554927035963594 6.0
43.89921127375309 49.877253257247034 52.91935885642465 7.0
44.90730451616106 60.361151661202484 59.86812412946912 8.0
45.79804683159553 74.8252171264428 63.64583836178285 9.0
46.617284474498256 87.08173786194685 75.29344620121296 10.0
47.2775141497415 104.57641601247093 85.45544721310556 11.0
47.807741482440406 117.64730727777214 92.86566468982579 12.0
48.256340125997546 128.8276064905537 99.75453155308311 13.0
48.63816769832181 145.5980563887813 108.28513984282185 14.0
48.9372924781673 160.0329887158512 116.81813629143606 15.0
49.16662925735764 178.55106333623473 129.687407962111 16.0
49.30883155227128 188.2146440907153 134.40069028369956 17.0
49.41759058991259 199.15613342589037 138.96529571490083 18.0
49.4926991531853 213.51515749045387 148.304480591214 19.0
49.517271012073884 226.0879462940363 152.54753398508586 20.0
49.5107479432653 232.7280475280851 157.12270908971735 21.0
49.48334105659886 245.9914719674869 163.50246514892814 22.0
49.422474465411376 256.4064375473971 171.87546809254113 23.0
49.33149222042376 263.2692556692596 173.23073068530283 24.0
49.228645049646055 273.04214359173585 175.8166317823498 25.0
49.10829050508595 276.2401628207874 178.3127437545055 26.0
48.98040861072951 280.7461503339031 182.83410529823146 27.0
48.84090218863059 284.3817055212999 182.70007654141548 28.0
48.697282846755876 288.99203101249884 190.02145733486367 29.0
48.53961359630708 291.2999665120877 189.96166579896092 30.0
48.379856851482764 290.80950368204515 192.70142967525135 31.0
48.218596857764446 287.1393066369486 190.8230845494918 32.0
48.064872765265264 284.19912707018005 197.93693552073967 33.0
47.90792673340669 285.2537644790767 203.8650656115375 34.0
47.744540727067005 282.6039840115026 206.26294911736042 35.0
47.58279367653004 288.26154386526366 208.2945658343098 36.0
47.41352565506669 291.51095057605767 215.20832982772149 37.0
47.23553145073442 288.77988812550467 219.01358644958137 38.0
47.05840008164087 287.0031499823802 223.69567870300457 39.0
46.88042651952495 284.3951593122541 222.4583653821632 40.0
46.70722214714394 281.0580005469706 226.8143487829357 41.0
46.5349823566414 284.73184905341486 232.72020288698005 42.0
46.3556000603684 281.4220176203939 236.13771460796215 43.0
46.17804884921726 277.06869062278514 242.05304278391367 44.0
46.00149917515852 278.32996513757314 247.14508922168537 45.0
45.82138490295732 275.52623491512344 251.05672735609193 46.0
45.64233065102085 271.6486761255834 253.62053722316938 47.0
45.46612596280426 271.5372894068254 250.17342082208677 48.0
45.29331881081948 268.46796525349816 252.93701777844942 49.0
45.122394371437764 262.7692225872125 250.65059205545364 50.0
30.0 0.0 0.0 1.0
34.109021739130434 8.863633169511635 4.218863326247913 2.0
37.51645980739779 14.75269076907689 9.322929088645333 3.0
40.41536267870214 22.557575541042844 17.12508151536606 4.0
42.7319393393105 30.148008153120003 25.95235673338073 5.0
44.613401106350956 43.81912922037651 35.10825361811823 6.0
46.14971415860397 58.73306008492085 39.718252855431054 7.0
47.54831029704872 68.23004219743277 48.647096800740854 8.0
48.731313948517766 83.37289569729391 62.24502791679676 9.0
49.6376729846144 96.61099428761023 71.5980305074053 10.0
50.39251182013491 105.33852622940526 81.86336502143102 11.0
51.02073176742516 118.33155230163301 91.8309379715091 12.0
51.53204377361348 135.68252546915744 104.58043935711859 13.0
51.911982252344856 149.70882876093145 115.31976972328671 14.0
52.19944818379832 160.43710188003672 128.80629638711 15.0
52.400831864638896 173.4926665577002 139.62216613881958 16.0
52.53407364321902 185.63699304739393 150.6331653655504 17.0
52.608053883121556 197.00058207642718 160.61290613983434 18.0
52.63353150651464 207.109824502333 170.37507981756391 19.0
52.6179722888662 217.23117357410243 177.8951835876163 20.0
52.56983401336222 221.0661482050745 186.72028822431312 21.0
52.49887101728927 228.820095721382 193.29832347500502 22.0
52.405041541301436 233.88278926838262 193.93799689367725 23.0
52.30299211536948 244.12187825126782 201.60465301161008 24.0
52.175010248692004 253.25238210378654 202.63021127569434 25.0
52.033328180478094 260.5459419853684 204.89856514285384 26.0
51.87922665336108 260.03602461362294 209.96982005609516 27.0
51.72028645368944 267.4834308094627 208.83376641090692 28.0
51.55355747963743 271.91852902887445 207.5894323308284 29.0
51.38323853431359 268.8936073030124 215.42250793218562 30.0
51.2090416350863 268.6149404051453 222.13351459950078 31.0
51.0290989811439 268.5611528587069 228.98955925829492 32.0
50.84346923875809 272.35499295330976 230.44506107464153 33.0
50.653072644554854 270.3628179538652 231.3778605366668 34.0
50.46530106292975 270.4719867764568 234.45064545362627 35.0
50.27574543976575 271.7900259063839 240.56818796786928 36.0
50.08056925202279 269.7151727705391 241.29275390214002 37.0
49.888290589664756 267.0308028021904 242.77948808086967 38.0
49.698874621387986 261.3305118269344 245.20192882194067 39.0
49.51469208292209 262.16741460874493 248.0072954655811 40.0
49.328404695747075 261.1858544930385 252.26089543509028 41.0
49.14085565605584 256.03993602019773 256.39273916266495 42.0
48.95640887273517 255.2032859840092 262.38092004775 43.0
48.769348245931944 254.34875748909607 263.08121652231165 44.0
48.58372185707327 255.76930773472472 266.47915016322435 45.0
48.395411759137026 257.44313917470765 269.5706739000124 46.0
48.20454647716525 255.31561029961964 275.4187210374415 47.0
48.01289400082015 252.8025768587353 280.938094508156 48.0
47.82110271126238 251.1763264982352 277.06070419516357 49.0
47.63443619375246 245.56289520782434 279.47056392753643 50.0
30.0 0.0 0.0 1.0
34.109021739130434 4.588421814417096 0.4052397974610389 2.0
38.59492254286063 8.206255024875773 10.522573437772675 3.0
41.494997510399564 14.282928381377946 19.389667282334585 4.0
43.77453635020157 19.179514797507412 21.73133529308257 5.0
46.044072454428814 26.515231946899156 32.16087952836556 6.0
47.86344727864393 30.752937747647103 35.681502872010874 7.0
49.62482006960165 38.66083104604044 40.66132999130718 8.0
51.26156745380649 50.26347983571378 50.17052061545235 9.0
52.63981341915581 61.57492725869028 62.56741283095255 10.0
53.75074535287409 75.36154524887678 68.69999018851773 11.0
54.73836461890681 92.39255434632737 75.6733403533448 12.0
55.587371552120864 102.38794786990657 82.13332591390575 13.0
56.338823556623666 115.70764421674149 89.49577195403761 14.0
56.97913691715345 132.30327132061532 97.09213220983024 15.0
57.50507295788029 147.02439581402683 104.69379856234566 16.0
57.931655050139106 162.82496031577 117.02678764379456 17.0
58.23458806440389 180.0733262785949 128.35862833907407 18.0
58.432490411959435 193.21861213538793 141.1410737770546 19.0
58.542495468137105 201.51370476659588 146.03473516240962 20.0
58.614675119013015 209.98397326478062 149.73092347955827 21.0
58.65452232243198 224.73366824770125 156.49412069068492 22.0
58.64003994383981 237.37918341765317 163.32120535371456 23.0
58.57947867328874 241.6851363238359 173.17769527216927 24.0
58.48627882518844 247.57539822747563 181.50358100048635 25.0
58.36390038224462 253.82685607934113 181.9240531769738 26.0
58.22920444480509 256.9624941665144 186.19783537133037 27.0
58.08104964408366 257.4116038547807 194.5449330334042 28.0
57.91800472606754 262.4134709403213 201.56522839139106 29.0
57.73571492205622 266.556510778507 205.27560912418687 30.0
57.54187346833599 268.3139662380498 206.70468439838206 31.0
57.3441952093833 270.4014716647977 205.07282230653888 32.0
57.146551550753415 271.62830022863176 204.49586628007555 33.0
56.94887608571845 276.7124311419758 210.1121651465807 34.0
56.73661027888135 274.46761700470296 208.28458432109295 35.0
56.53166622106295 273.7764326357028 208.81316498099423 36.0
56.328396172471706 273.58207850352926 209.5836667536909 37.0
56.125681325214686 275.8655446243462 211.965702575019 38.0
55.91765378884151 279.4770423544596 218.05770294419486 39.0
55.698189899080965 275.0256283131843 219.73795166974105 40.0
55.48481943990867 277.87276812556496 222.3938590434225 41.0
55.26570240374122 277.3058012438845 224.7879573479204 42.0
55.04624204971683 274.6304386198586 224.40313928104322 43.0
54.83244267264817 273.13538062204753 223.51696769668033 44.0
54.62311200951688 270.722476060688 225.09250738119164 45.0
54.41674325036838 270.9808733923082 226.11958532280548 46.0
54.21020909317369 273.99782376257707 229.37095586651606 47.0
53.99749059889789 275.28614314543006 230.25512508908128 48.0
53.783558083848426 278.487568173509 231.94880911025982 49.0
53.56517037572495 278.3156605635731 234.93798665517497 50.0
30.0 0.0 0.0 1.0
34.109021739130434 9.12014234146957 2.5143883654601695 2.0
37.91411991311842 10.52040838698153 12.92644995556475 3.0
40.45657268784219 13.902262457903696 23.535498748114613 4.0
42.38635003379643 18.223311956528256 26.023679771530684 5.0
44.29852306387829 22.64505862813426 33.80622523806718 6.0
45.95916844303241 25.94347759273597 42.25079251431105 7.0
47.40665684206896 29.67856723907574 46.87432344286505 8.0
48.77931826217792 43.11495085213061 50.54694842002548 9.0
50.06770219589871 56.22939110225383 61.844803405548134 10.0
51.11995805334361 67.50994203935076 67.18734616376467 11.0
52.07712343513322 79.62099355574108 75.14270704410173 12.0
52.90526330284018 91.99202154839509 83.3617036440546 13.0
53.6139682721286 109.74874341967029 95.4256406713906 14.0
54.16461519546722 119.01296691896711 100.77400081277455 15.0
54.65403554561319 136.27619984761122 113.25558171610129 16.0
55.016209908014964 145.5817161215489 118.82906463212073 17.0
55.32566791928337 160.99409754799672 127.74454717871313 18.0
55.55393494335575 173.13916617866263 135.36345556020166 19.0
55.72135323267524 189.958827688403 144.59834793054995 20.0
55.816762827207924 205.4797144462629 151.24460404140746 21.0
55.857651859575284 220.69173559654558 159.9547614765615 22.0
55.84285326431365 232.10610254664562 170.54088434980176 23.0
55.78030318634177 239.44432316621064 171.80722430520547 24.0
55.701520464601266 243.90646022553372 178.2177939472249 25.0
55.60164949789443 245.8181768890217 180.07609356577467 26.0
55.49509430965867 249.90787020191053 182.31917547135484 27.0
55.37757135532713 255.11497532275615 187.970954447572 28.0
55.241699903857175 262.15597076074323 190.70007838434336 29.0
55.09027590723897 265.9931292607371 194.31824372106973 30.0
54.92777376495393 268.082428195969 198.98537086901362 31.0
54.756018534011965 272.91045345569745 201.11562925966905 32.0
54.57476813399095 277.38791509791696 200.0779388194072 33.0
54.3890297247014 274.6714595929432 204.10541230275484 34.0
54.20326700193626 273.4875349321666 205.51905275406904 35.0
54.018538830574116 272.4729490917663 212.3775204835948 36.0
53.827950521256184 273.04271678803974 216.5749261228074 37.0
53.63281332807114 278.0139200725298 214.0596417263614 38.0
53.43477445140201 275.20489701790115 217.65778787382874 39.0
53.23783715817717 272.27100377805414 216.23621545983784 40.0
53.047683381551444 276.8841523875704 214.30387466954105 41.0
52.854518697535454 280.11543850550885 221.1366658938919 42.0
52.65093179164067 282.8010606520304 218.06252396541623 43.0
52.44825035839163 285.4865162512678 216.48325855339482 44.0
52.24492952311287 282.60619361726157 217.5564962436228 45.0
52.04561430918595 280.8045596448918 222.84577624479994 46.0
51.84460502184519 279.9898602402241 222.7452419739792 47.0
51.64600602628187 284.1880291773889 226.42213645642488 48.0
51.4399498176679 283.7377558456093 229.1503205987647 49.0
51.233325461160895 283.20579050199984 235.2792594056985 50.0
30.0 0.0 0.0 1.0
34.109021739130434 3.130739446642863 1.7589248530949897 2.0
38.17482786684258 4.523425212686331 11.648371475689427 3.0
40.91972703481016 14.718550913324819 17.90689336591655 4.0
43.261844563649916 18.087847503464836 24.780463017552222 5.0
45.30680507394888 24.01655518696677 26.922460375923436 6.0
47.34692026971429 32.8851426180194 29.070572904235508 7.0
49.364538167301646 43.22793286376785 31.45962697414297 8.0
51.336337800090405 54.43313930698889 39.34518888540316 9.0
53.03241572790168 66.90328817943188 52.249346065063285 10.0
54.36024157740494 74.6937491619238 58.9356711571027 11.0
55.55254976119429 85.20195258085585 65.87482496239497 12.0
56.60675956166927 97.87960128306545 70.3686243308293 13.0
57.56512274838527 110.6456176986973 76.39375232939953 14.0
58.408157090913036 121.83478801378286 88.65864382945732 15.0
59.07665742609714 139.78866653659898 97.4312968782859 16.0
59.60791934773823 151.95180883733815 103.79236551995285 17.0
60.05281342173805 166.603955647923 117.84346121695413 18.0
60.35876903160811 177.78741586801246 131.64429514866777 19.0
60.558788504862065 188.23421735745578 141.63038768952367 20.0
60.68641509470935 203.00229321750695 147.1674784120359 21.0
60.75514005717554 210.612299988932 156.2298505409887 22.0
60.773565399809264 218.18754856560844 164.03190625155284 23.0
60.75018673939975 226.2099815224101 175.70879649166184 24.0
60.67747282505768 237.24307545208558 181.9313574896703 25.0
60.56710783559766 243.53421645458286 186.57648775742868 26.0
60.4343222811727 253.00523549532642 188.21242305278275 27.0
60.27997396885438 256.35357380127533 191.17077115944213 28.0
60.11414868931764 263.462361873536 194.17586776699403 29.0
59.93011330915089 270.4906257441275 200.6738073971314 30.0
59.723231620958884 269.3142166790618 201.134366974741 31.0
59.519037544666446 269.7369364308588 208.38572156820499 32.0
59.30435378017324 272.14527955214277 207.86700220678063 33.0
59.087593849214606 269.67281554539665 206.31151088080077 34.0
58.878782964753746 271.2536081232377 207.14982579520168 35.0
58.66731788210004 268.65041400233406 213.70663713973485 36.0
58.4523726163876 270.24335842597554 211.81443149741148 37.0
58.23874916422154 267.81086342389335 215.5793220292298 38.0
58.02537402561901 268.0289759473269 218.03214439754504 39.0
57.809764050021535 267.34377954846485 223.67217240328645 40.0
57.58945106830084 269.61482068373283 226.48117962526447 41.0
57.3636917165383 268.5579703070703 227.5103601605128 42.0
57.13982848567252 264.288345315926 233.49900881662032 43.0
56.91682360277834 267.81408303621976 231.21544983587097 44.0
56.692766234702745 264.779156633573 230.74741142811334 45.0
56.475151253886 264.0348080952 229.25520791260132 46.0
56.261750555987206 266.1026883483463 231.4598020488463 47.0
56.044237239366865 261.1599618002926 231.2243075367856 48.0
55.83542137510226 260.59294622534344 235.41761308019196 49.0
55.62400148044166 256.4502132239537 241.63786503115276 50.0
30.0 0.0 0.0 1.0
34.109021739130434 8.83648724238897 3.6632567512794623 2.0
37.637997297888006 14.834066687533616 13.25323232516099 3.0
40.09541694955109 26.65552877775402 15.41179431560461 4.0
42.50492195284123 39.79046861160479 26.444535663430706 5.0
44.298586198103344 46.807810364025855 29.19321355347519 6.0
46.042556763381036 59.81556220595341 42.083657149056805 7.0
47.36153136267611 75.74651991314077 45.82159132034792 8.0
48.57556472404426 86.26517582677448 57.027627724435405 9.0
49.55641059309627 96.5966191232601 64.5515827962684 10.0
50.40741337981851 107.33381467067963 71.19183015258253 11.0
51.153510325446526 118.3130256385018 83.44519913696547 12.0
51.74419990816976 134.12932997716226 97.20146199248121 13.0
52.18285480832979 146.51519984653055 109.01942654008477 14.0
52.51667377203565 162.03291972791257 123.03822038499936 15.0
52.743145840121116 172.88590919329553 136.08847741303606 16.0
52.892597566001704 187.0593930471133 143.9820384635865 17.0
52.9862800472458 198.0741781471417 155.50315115035426 18.0
53.02427977022484 205.60788977381793 162.88459116454857 19.0
53.029297537317035 216.76869097522155 175.14842112145388 20.0
52.98716907183637 228.20493385226538 181.17478894905716 21.0
52.91457974874308 239.97522389859188 184.74700477962114 22.0
52.817162135579366 241.64622298490036 193.18571324173254 23.0
52.70354774991519 247.07247065240924 197.4527502627128 24.0
52.57582576532318 248.9675952924383 203.24943846884346 25.0
52.43761768109366 254.0949421875459 208.41892981211393 26.0
52.285992109531996 253.56031764983646 216.11529042175863 27.0
52.1262668943438 254.93277066202683 221.92733630108452 28.0
51.95880347803654 258.3421215040719 228.89486664123433 29.0
51.780386938685695 260.6641222959832 230.05110659209083 30.0
51.59892164601576 261.355618063864 235.9767992238469 31.0
51.41181880084212 266.3681985201461 241.70949542731933 32.0
51.214681899540444 270.2520133207758 247.1859020631588 33.0
51.00967289842989 267.3552590122552 247.25167793790732 34.0
50.809166485640155 261.8100717578513 245.65673042974083 35.0
50.61742960593147 263.3339276720182 249.32770699275528 36.0
50.42208327340135 265.8603232916655 252.33117093414953 37.0
50.222801685334865 262.79426007142933 254.50638655514246 38.0
50.026301435848985 263.6533499991102 258.8798636655901 39.0
49.826770505425664 259.64072461982823 258.4527409883735 40.0
49.63293034092716 257.8815734248133 256.9809300792562 41.0
49.44321365528505 255.15107300927045 258.27539596828876 42.0
49.25639581404943 259.04748815648196 258.96996795486024 43.0
49.066279546001475 261.8807504988256 263.8445141280495 44.0
48.870987570748206 257.2450407549119 263.66397367943017 45.0
48.68152921903763 256.6474812055518 263.09263776336985 46.0
48.49421625426339 251.45091589961947 265.38456732720016 47.0
48.31130599493652 249.2989624553576 271.35378891477984 48.0
48.12723129340707 247.52352515384482 271.04444401752875 49.0
47.946086162236895 243.74278665808077 273.35631015619447 50.0
30.0 0.0 0.0 1.0
34.109021739130434 9.592692157955359 3.819376817835778 2.0
37.59712055589179 19.975710351703448 10.730189209388296 3.0
40.29200226238722 27.891945060892258 20.403186069215714 4.0
42.331070001332826 34.9479958581143 26.339557665973647 5.0
44.14183398363604 47.01189146294774 34.92691146903997 6.0
45.644593697395166 58.73789332325198 39.77413864600921 7.0
47.01650358313369 71.58105685548018 45.51534239981821 8.0
48.24019454081634 83.14355649541366 50.42720661694094 9.0
49.35259195319586 101.20469222899071 61.75281499408481 10.0
50.22522033631555 115.93971921112083 67.88316059051832 11.0
50.98227570845735 129.2053745526135 82.71748703829086 12.0
51.545034080922875 145.3835391063568 88.44196317085526 13.0
52.01966936191804 159.63776294231292 97.37171836276165 14.0
52.39385730957582 175.1276147328406 108.3876587782809 15.0
52.66403386953998 190.5901181588925 116.32030776931106 16.0
52.85871897221678 202.86035653046886 122.11471858318822 17.0
53.000745799638445 213.9710327512184 129.089947891001 18.0
53.09168066095044 228.9919774108583 141.25666313334372 19.0
53.11177162092586 241.41361203778646 145.298375733299 20.0
53.09609580956684 250.6463962271715 154.28241384447247 21.0
53.04077562574229 260.12973604667127 158.01038192408308 22.0
52.96010994671465 267.11632972945375 165.9853128680442 23.0
52.851679417900996 268.011390378847 169.44959524261628 24.0
52.73584061886978 275.108839830985 176.8263422782807 25.0
52.59647282884811 281.4773631827732 178.9962752246421 26.0
52.44425203211259 283.24541912744644 182.59998101574158 27.0
52.28480811088608 281.48599960115274 190.88514689713506 28.0
52.11761877281166 286.6487466500488 190.56246496736284 29.0
51.94413282898616 291.1561550726631 196.44716922417206 30.0
51.7579815454637 294.78723894283615 198.37668408280294 31.0
51.56564742516976 292.8202540552325 202.9947729383898 32.0
51.37219211243165 290.42856822728163 201.1168840156435 33.0
51.185224821500846 290.00685552863433 207.12535362323197 34.0
50.993558911501935 287.8618659108113 210.2577717996476 35.0
50.80266691930131 287.8586930014298 214.97749825402877 36.0
50.60829488692545 291.7386101521674 218.4752605002468 37.0
50.40706673946985 293.502193883674 215.07558202218456 38.0
50.208106274635774 288.9349752709875 215.95763098009823 39.0
50.01521748499482 285.9397430738445 220.4796052479894 40.0
49.822985456260874 285.2681830762316 225.46271968577523 41.0
49.62832448098192 286.45702346467203 223.33532172634276 42.0
49.43537858979054 289.65872950984254 222.81403881103964 43.0
49.24041480996369 287.4410429602903 221.05969482911277 44.0
49.050763668581716 290.55064650977414 219.5124906221928 45.0
48.86006931265612 289.3497591617104 221.1325492443661 46.0
48.67055909279161 286.64317840838805 225.20480503372576 47.0
48.48184201166888 289.5516761195242 222.80504000958413 48.0
48.29307898058237 284.5295135573546 221.11415772481558 49.0
48.11248063871047 281.77703241608333 223.69528636945162 50.0
30.0 0.0 0.0 1.0
34.109021739130434 0.6961508809941375 7.838870007496547 2.0
36.93688583034787 10.001250481935891 15.890104867492859 3.0
39.11987852875883 12.388516517857822 18.954511930167595 4.0
41.24440384583209 24.01931839365256 28.52715112492039 5.0
42.92920780622565 28.208260006087997 39.858325114286686 6.0
44.28112732766852 34.942215136690976 42.72292619024891 7.0
45.594274323783814 41.44259814448358 51.985194669025574 8.0
46.71840452434776 55.5389508150371 61.04811715778253 9.0
47.667835940876984 65.86987814143228 70.31540528936394 10.0
48.4772322097148 77.81244469116434 74.42343947896256 11.0
49.22197861108156 92.60707689282512 78.7926907610433 12.0
49.89251908418316 101.89277016631544 92.6481852226443 13.0
50.41907248495164 112.06261926929466 96.95270479721665 14.0
50.89477901072527 127.71339175906138 103.65800307419596 15.0
51.29137148596059 145.2966969941319 115.52331828826276 16.0
51.58126019977822 163.5373330481008 124.60812262218003 17.0
51.78994857092557 177.84440743035688 134.1029581087327 18.0
51.93179075503651 189.5230100268709 140.14706898067212 19.0
52.029934500231704 198.74137237838704 150.17635406736215 20.0
52.07993036522736 214.35201474300862 160.30734555586616 21.0
52.075626968240684 220.64353805627997 165.65259677013924 22.0
52.04826614819604 227.83383585033843 173.17261842227956 23.0
51.99333797451163 234.50863546399444 180.58226302833154 24.0
51.914018560119096 239.9518375717545 187.13626726467498 25.0
51.815435615996485 250.36335613410944 188.8950714838486 26.0
51.6990010995683 250.63998934232475 190.10923286321244 27.0
51.58072835872344 256.39858291426435 192.1978480828257 28.0
51.4515227379227 263.8722964821427 195.39826609679997 29.0
51.307835158012054 268.9582955130579 197.38970843647473 30.0
51.15512814931639 267.7683313263988 196.2800052305514 31.0
51.006209240602246 268.78321480212276 201.1386891961434 32.0
50.8505408305821 273.8157088862654 199.6901180437705 33.0
50.69062550094139 272.19047190763325 200.68095371267054 34.0
50.532512768890655 275.68725231075405 200.50242666270665 35.0
50.37076977697422 273.040299429031 203.09405330840556 36.0
50.210342300869634 271.22484900687607 210.41800534123183 37.0
50.0449257877647 277.1625328884455 210.87784671848038 38.0
49.872514936567924 278.2723485074519 213.72844511169822 39.0
49.69680909035968 274.4125006109889 215.81075210894673 40.0
49.52468155583893 272.5402239624857 220.31047436724555 41.0
49.35132966193151 271.6609405235906 218.12691157212151 42.0
49.18208293496653 276.38428785378755 222.44277503037864 43.0
49.00423793166107 271.5413740071905 223.81143922812953 44.0
48.83165100249355 273.71030416813466 229.00460602708435 45.0
48.65298851149759 276.62300581813383 227.7415010930648 46.0
48.47327148017502 273.0772848222037 228.17742206590628 47.0
48.29809134716743 275.3205371628104 230.0315540206392 48.0
48.119928767323756 273.31930196679275 236.3614958983311 49.0
47.93973910183091 269.9461461373798 237.31581028610685 50.0
30.0 0.0 0.0 1.0
34.109021739130434 6.401289315114312 4.272253225012466 2.0
37.52414844553183 9.016563670412438 5.428080586485008 3.0
41.09875328167536 12.675121888790164 6.683605590681115 4.0
44.82287268770416 20.85768850502732 11.472770862699775 5.0
48.14235553329071 28.406936802058194 21.630706070806465 6.0
50.70520954858335 41.08000268266841 25.057000721109894 7.0
53.13657410108573 49.13112641389132 32.11114256295236 8.0
55.274664824516265 56.43791940238738 39.502657521100545 9.0
57.16185464598396 71.67663338431537 50.35549299873338 10.0
58.68980460573287 86.87737989773625 57.61845301360397 11.0
60.01219745918535 102.18233440411596 64.72595359282934 12.0
61.15204641932535 113.53915119592054 70.67541682370722 13.0
62.16286016385507 123.06226304434406 79.07715658445964 14.0
63.024814490521564 136.2252031467781 85.44495837714175 15.0
63.763822860470306 154.94768442568716 96.53639872701459 16.0
64.31732852769034 166.39701051479767 104.9370685550943 17.0
64.75860326993839 178.87579633722623 111.04759467258336 18.0
65.11129035114469 195.47151489808158 120.80898124496186 19.0
65.34407606130374 209.25348802455648 125.90585773273985 20.0
65.50336384422323 219.93085234339875 137.21120890938064 21.0
65.57390328319846 228.39702347816365 145.07937348770494 22.0
65.5863368702667 238.78849199546556 152.78774697256162 23.0
65.54096411361421 247.10655273350014 155.73553439047706 24.0
65.46309412411036 249.71358087224183 162.9286346728777 25.0
65.35655948546639 260.71900057572964 169.0497274044782 26.0
65.2054450609641 266.04665052831234 171.98893411992583 27.0
65.0344263731454 266.62789108622684 175.6017296200459 28.0
64.85431077097205 270.30763523295366 182.47094492386742 29.0
64.65125578318259 272.80606633626167 186.50539051165956 30.0
64.43540928433475 271.9971089329276 184.93665018036253 31.0
64.22591411727952 278.87555891129557 191.52848667353362 32.0
63.98977570666412 282.091130888907 196.39276769789595 33.0
63.73979223633191 285.40812156209205 196.07368687305402 34.0
63.485181475059704 287.30247948610486 198.161554327714 35.0
63.225100538725066 285.5919677055119 197.3808517196353 36.0
62.971774555642305 284.53275130182385 197.5044134768352 37.0
62.722290465649785 283.386771955716 197.3671173705393 38.0
62.477178205977 281.94661478575193 202.2561600782216 39.0
62.228918167913996 279.9398618822443 206.25295486100484 40.0
61.98021835056521 283.03497633499865 210.5722265968646 41.0
61.72113585689697 286.59365824163797 207.52972169277783 42.0
61.46167981139238 288.68216928962744 211.61753252323732 43.0
61.19467553314851 287.7061234430245 209.259089764084 44.0
60.93475408400564 286.79043988855636 208.95096866015564 45.0
60.67891551938709 285.66554768858913 205.7336942559519 46.0
60.43154235783944 285.7045739470427 212.01314322907345 47.0
60.17730560402725 281.3115396544148 209.5828581964004 48.0
59.93604381280355 280.47334162126816 207.9552205115491 49.0
59.700252054958 281.73449040559956 212.01764990596646 50.0
30.0 0.0 0.0 1.0
34.109021739130434 4.202571904176926 9.832548123233334 2.0
36.64986188086126 7.856974864732294 12.8253644108181 3.0
39.09588252828514 9.93511016285997 22.006710955474304 4.0
41.03088202631028 14.993096742413513 28.965644241963318 5.0
42.721258572655096 21.28117897927644 30.673371675205225 6.0
44.419199385775244 27.67638655868859 35.39734686320951 7.0
46.004067600197516 36.678414034159 38.754556365849155 8.0
47.520652244561745 42.793821215396086 42.7961590866558 9.0
48.96144014972854 48.36521808740615 55.12104079724076 10.0
50.1327186850541 62.032708584048976 62.182933282760146 11.0
51.16061586200166 72.69656727349583 71.70342888134815 12.0
52.03305826555763 88.758175156912 81.27565608634734 13.0
52.754779352122185 97.66902670329388 93.36677192847317 14.0
53.341748399730236 108.68911110070108 106.41078431292969 15.0
53.80282138960503 126.51287392997519 112.92961223118685 16.0
54.1811139335556 140.3063287470073 124.72338895600711 17.0
54.46290584368916 151.16341447553643 131.38182607281215 18.0
54.689882902660024 167.8441785753892 143.53956451505408 19.0
54.831535080446834 184.3840800849842 153.93241576530417 20.0
54.90432001425873 194.17041533445592 159.8541001434654 21.0
54.94048053466197 202.86051649930954 164.53937858587665 22.0
54.94744170205234 215.62837644762485 170.74344271804915 23.0
54.915600514880225 220.68989950066828 175.9423972988807 24.0
54.86304181069568 224.270542066972 177.42758507298504 25.0
54.80113952497233 229.3334715663657 179.46494203353043 26.0
54.72642090900721 236.1252041207114 189.5104704058521 27.0
54.62151401069076 242.0667241982168 196.1522562954222 28.0
54.4961950438577 242.07358968509587 201.6881463365291 29.0
54.362608320479794 246.3847071797006 209.28416184787235 30.0
54.21199589168982 246.048043110566 215.95889916070914 31.0
54.05348454085098 247.98383188760948 217.2007180846007 32.0
53.89138633145122 252.53941076064106 221.61498546147652 33.0
53.71828873487472 257.7747014715448 226.10220256761235 34.0
53.53380925661386 263.9508840018866 224.7579436128307 35.0
53.343651298393006 264.79374355364894 230.4479702316079 36.0
53.14741731811445 269.517466135325 236.48183499345683 37.0
52.940338351384284 266.3278718298968 235.63823576806692 38.0
52.73938767333811 270.3899308327733 237.91577390381394 39.0
52.532496804935754 270.9775323813774 235.63447892895505 40.0
52.32836307492591 266.89152612652003 239.8267086044465 41.0
52.12657076472725 264.38383303156445 239.51474660227154 42.0
51.929334141766354 260.7097916750368 236.9417508309658 43.0
51.7401290993435 263.407840710546 236.54173162415518 44.0
51.5492096024425 264.90817336499407 236.07959108417214 45.0
51.358090372241456 261.07789117871414 233.3204159338592 46.0
51.17528109859306 262.9297553360137 237.31770250989507 47.0
50.98755700346704 266.9192670686045 242.2718809906717 48.0
50.79193485179278 264.24308406819966 242.34389538255002 49.0
50.60047111035206 268.07235732087605 247.2168807722388 50.0
30.0 0.0 0.0 1.0
34.109021739130434 1.0463203868977011 0.29018860995284834 2.0
38.67126656570666 3.618618440627118 4.962396407079371 3.0
42.52469767497302 11.940397950753423 13.04869626801063 4.0
45.49322627233661 18.26356238023243 21.21475420422282 5.0
47.941450361435464 23.997951382412946 29.77822897412642 6.0
50.01109016936512 32.5655276651581 40.01878890194897 7.0
51.72077103614839 40.589161723055625 48.0862642919804 8.0
53.220054355056504 48.728613709892095 52.884130441726306 9.0
54.62065600470964 60.542771459604495 60.628103498985794 10.0
55.846716190697464 69.57058436492295 67.8865351211331 11.0
56.93748498851128 82.65104112714148 80.3035601992569 12.0
57.81550943950495 94.21483924322109 88.0205653094745 13.0
58.57562598827815 106.59949245623415 101.78395978502745 14.0
59.16693098343136 122.5463206066247 105.87280220713927 15.0
59.682001766226435 134.37933629241516 111.24948057004991 16.0
60.12528177165756 147.22314561291978 117.64966106512387 17.0
60.49011680486236 158.44690428404397 127.78571021378866 18.0
60.76432388553881 175.73582838629565 136.50662669131657 19.0
60.94834363644945 189.4122586453033 145.98533509908341 20.0
61.05618812508319 202.14483147521096 154.88110005917576 21.0
61.09952296687395 216.79570454871597 158.92515734799122 22.0
61.09474709361194 224.68347180554292 166.62578545117066 23.0
61.04892733356604 231.4829785009198 170.11089295501156 24.0
60.97858622625906 234.01847833974568 178.62294558707316 25.0
60.88166102282472 240.2356547146145 185.73307338172094 26.0
60.756106243100916 244.36692485707295 194.49694443122056 27.0
60.60495211766848 247.87699035381064 197.4394403603497 28.0
60.44217665546836 253.17657745880092 201.90100865314005 29.0
60.26228659108295 252.297541337148 203.14594719600433 30.0
60.08282634298251 255.41202846814008 206.124912478449 31.0
59.893708023022484 258.5473698211752 213.0337940607288 32.0
59.689320474983674 258.5088322117895 215.21011558034752 33.0
59.48299343269166 257.6071610251042 215.3006436570667 34.0
59.279307679668314 263.6606810703858 215.78655556388227 35.0
59.06594056283931 269.0591818814889 219.4794185007341 36.0
58.839935945328115 269.18069370577666 216.91377429914152 37.0
58.61864150949425 268.655097036847 218.12320981668614 38.0
58.398050758654676 270.86421778219665 220.54464457322518 39.0
58.1722100020512 273.70837208552405 227.28097438415517 40.0
57.93518928991766 272.06219947334375 226.4113021971516 41.0
57.70339998524608 275.7359442798973 230.7478651570965 42.0
57.46264786703517 273.93627633245285 231.66897857097595 43.0
57.22528106167572 271.72671562726634 237.08774114558145 44.0
56.986912637207965 269.9787992837115 233.40052737472686 45.0
56.756771326956226 271.41555839334063 239.18501338732912 46.0
56.51996872528905 266.270582429993 241.72151234683702 47.0
56.289366828435945 262.33057801194326 247.38839474863025 48.0
56.05990271026284 262.1132390302242 253.4166900161726 49.0
55.82636364007682 260.9044091100703 249.7540837354154 50.0
30.0 0.0 0.0 1.0
34.109021739130434 1.3031408777816078 6.129122257514837 2.0
37.205758339685275 9.043789681638192 13.862948318192934 3.0
39.59669633564559 15.780541957506857 17.787569453486256 4.0
41.82951941467956 25.375631258476474 26.65758147026422 5.0
43.635991241704495 34.0456787215019 35.01067322201743 6.0
45.16266836383958 46.46074401448188 44.63251197607623 7.0
46.4233583678342 53.93577454857548 49.85435708844881 8.0
47.58517581573596 69.77986629322979 56.705776741826 9.0
48.595164130730886 82.04875046353278 64.65876610630059 10.0
49.463763729675975 91.86090299842321 70.25698061822953 11.0
50.24639061679658 101.94608912434043 82.16886948457912 12.0
50.87793060222682 116.43670090065974 90.5537259285984 13.0
51.40266335129022 131.52181835086478 96.8302009875558 14.0
51.84568997143308 149.90641827666892 108.79507325110606 15.0
52.16883551835213 159.0263279866505 120.76076003253762 16.0
52.40995488958614 169.8655044292217 127.76965175185313 17.0
52.59741439409426 187.43110856601336 138.61696858034404 18.0
52.7075823151516 202.40026171901246 143.90927092589666 19.0
52.7711608432533 213.34961272576976 150.23849799705363 20.0
52.795353162129764 227.7664226250034 158.00814097319108 21.0
52.77310315976884 237.55684139403039 169.7897171353114 22.0
52.70792419862759 244.15738520426774 176.7920001577589 23.0
52.618574941046404 245.69372948774975 179.3401899111116 24.0
52.522439395726565 251.68988105140735 188.89666662819656 25.0
52.40151521723787 260.0776988567259 190.13025525023613 26.0
52.26662037007188 262.2971039910384 198.1340873209596 27.0
52.117806401108595 264.3407184306887 202.368460777997 28.0
51.96126270755678 264.9905214551032 208.36825322987022 29.0
51.79718606031451 262.2853607117743 210.5565460947618 30.0
51.63495489809677 262.3351024346919 210.40425976237682 31.0
51.473654356011366 267.419047427739 213.87156973980964 32.0
51.302569227005236 271.35958041050816 212.73315743209267 33.0
51.1285755802758 268.5640745803305 215.81174628244196 34.0
50.955772494508864 268.36528570151864 218.76479405606406 35.0
50.781039964537584 264.9851282579353 219.18141398006685 36.0
50.611007206144954 264.3116335702665 218.28546216697836 37.0
50.443653546079915 261.90306203655985 221.0952345521729 38.0
50.27717090079342 267.9164058678481 221.69962500970382 39.0
50.1037421659923 264.4014412251297 225.40905146588813 40.0
49.93176021326591 261.1087791404469 231.49214388318356 41.0
49.75867572912576 263.678615710409 238.52670402199544 42.0
49.57732086529804 261.366543703568 244.83934795945694 43.0
49.39411924467073 263.38297210461633 244.22640336255276 44.0
49.21037100337316 266.84610548996534 247.9233376134226 45.0
49.02112553951176 269.370548073579 249.05904393790925 46.0
48.82957395290941 265.5806006378372 252.63761062130646 47.0
48.64033106196836 261.1940997261114 254.07593190679347 48.0
48.45552004166595 264.6767506208664 259.6933527125342 49.0
48.26432931230905 263.7378251383989 255.99739358481048 50.0
30.0 0.0 0.0 1.0
34.109021739130434 4.780983273787893 3.5352887653390153 2.0
37.69968124554514 9.923184982977084 11.397005245906527 3.0
40.391189864323835 17.65837979792936 18.461258236024438 4.0
42.62932555537432 29.47317819708057 21.528355408841783 5.0
44.76587601672098 38.085360370681315 32.37055698105508 6.0
46.44258042302867 45.4711835247344 40.05664803476277 7.0
47.901996659309475 56.035046697421976 45.59668806464207 8.0
49.22592962322568 66.80499874168392 52.08962182935873 9.0
50.40377944719429 80.8298640237833 61.41425841729256 10.0
51.38725689559686 90.25706014920311 74.62129789665525 11.0
52.16926091506309 104.7894636106337 83.14080100556873 12.0
52.824593769549864 116.7807472685717 93.05031165512388 13.0
53.3619541433603 130.9246937298081 105.02891565600981 14.0
53.77576849467863 149.31452235038628 115.04628389342533 15.0
54.08489863882988 164.85987035895948 129.07282311026856 16.0
54.28907956482496 178.40174819257237 136.66679708292523 17.0
54.432920192842715 191.94435962260337 144.24589255410407 18.0
54.521210206064616 204.25560628973238 151.10003086564723 19.0
54.5629233724492 217.54753672556092 161.64783788235016 20.0
54.54994472286849 224.80043633996863 167.98971530701084 21.0
54.50834019441146 237.66949614567557 176.55274310748612 22.0
54.42581531481471 243.77248159541824 182.40789433182965 23.0
54.32202767193509 247.74836938389447 191.87844508552865 24.0
54.19580841691483 251.97037219421603 191.67139765558628 25.0
54.063732597743545 258.8018376616104 195.89220677168677 26.0
53.915081254980876 258.46008337249805 195.44562850522593 27.0
53.768283452036215 262.5047845408994 200.11902355671074 28.0
53.60935304309311 264.98593364880213 208.50669898151463 29.0
53.43651597677527 267.6008773981946 215.12892346054767 30.0
53.25290105402822 267.074705506845 218.02576406219134 31.0
53.06771198876914 270.89914440197066 225.11588139517235 32.0
52.87078497058016 274.97956861120184 224.93844885087756 33.0
52.66994122071224 275.28815901441607 228.79476473988015 34.0
52.46612042403408 271.7281874859738 227.86549989950944 35.0
52.26902056699628 274.87091943342364 234.04407039121872 36.0
52.06329341086733 277.8401968940871 233.48029797628243 37.0
51.85579887235812 279.4514315875606 237.43969244618117 38.0
51.644207118348405 279.2105819002327 241.3641418230159 39.0
51.4309689723976 280.4263909496439 239.27232108469354 40.0
51.219526307967556 277.57213273611535 244.9074461936148 41.0
51.00811829710458 274.58790052773526 246.39166633289716 42.0
50.800274650242805 275.1401378876898 249.6144483125747 43.0
50.59063739941262 276.4759346553428 251.12412673984372 44.0
50.3797971870466 274.77984527811174 255.28788373043557 45.0
50.16905627626187 271.5022423367606 260.73853781435884 46.0
49.9591573227501 269.4736652328646 264.66166355699244 47.0
49.74993826309614 270.52815106601304 268.3786008912793 48.0
49.538530734182814 264.01103828812944 271.28483676146317 49.0
49.33291776967352 263.42624698970116 272.1418781168009 50.0
