9.702867919719582 0.2715159242888099
9.504808191313547 0.35864011826108655
9.829251735997598 0.0704764235453137
0.2554596561385658 7.668644479848529
0.09414973956188177 2.3363285625576458
9.23713870302813 0.06611792617766232
9.738831922986947 0.1821671945941694
0.25007096610187407 7.371276935241211
9.580652566830745 0.5990967597170194
9.025920621710046 0.08239323026354883
0.13578413328898753 6.449595601035602
9.901806148188692 0.5251856768648833
0.2052658577327704 9.74969187522601
9.759483169702555 0.5486269016198908
9.693681522486115 0.37166185704257115
0.8726584006943461 9.759317542146501
0.7457782597427642 8.976309502874365
0.3508911157053807 9.255217223612213
0.47017251946482874 0.251229150786596
0.009185882827433822 9.813563309628979
9.648964761596515 9.635716187973332
0.3361375159560187 6.218784347634436
9.5729396318996 0.7384795670016042
0.44554091868956425 9.392426794727406
9.31207792002063 1.7363667346036737
0.35125987381352086 0.3711269587975963
0.41014126938924367 9.458496615329864
0.8211899765636943 6.802157446132688
8.838612218282378 0.30626235819193326
6.8094059922429135 0.023119561482241036
9.99382600768772 9.923412316879672
0.12233633540180922 7.839795320542507
9.829251735997598 0.0704764235453137
0.40989039589583776 9.87389901636596
0.2052658577327704 9.74969187522601
9.731002644827795 1.1354146000858911
0.3493275184209965 9.79503338235691
9.829251735997598 0.0704764235453137
8.708337047461704 0.6530081184533243
8.746744043572578 8.293041835169584
8.162675633623405 9.842668847341507
0.2052658577327704 9.74969187522601
0.46093478217375417 9.609872486912627
0.009185882827433822 9.813563309628979
0.10846321255474356 6.704382951069158
9.078725541680859 0.4324297209637651
9.037076816168884 0.3007128695694683
9.21697638784359 1.0806637096696647
8.566746991405736 9.365556484079905
0.17247494662114837 8.91646744173464
0.2805842934077951 9.135095103096937
9.642228192640856 0.7003562697607868
0.2052658577327704 9.74969187522601
9.34242333203681 0.8938340492477859
9.751480737396562 0.10853554332044046
0.2929822160840079 8.414321067349919
0.5579471229718069 9.700358852212332
0.41143512303191354 9.739083568199353
0.01120871101406129 7.204618695534175
0.08388092329128183 7.873747571755423
0.46093478217375417 9.609872486912627
0.10214941280009882 7.840465018321197
9.702867919719582 0.2715159242888099
0.1260863903213605 0.04910487570561006
0.009185882827433822 9.813563309628979
7.721001228110231 0.1892518095471618
9.311780151661273 0.3750333400875605
0.077291310971348 8.524931236728225
9.133996113093666 9.79532335691972
0.31064928083921695 8.51879412309146
0.1778722211291517 0.16356472724556426
9.793442329878436 6.2123929383902805
9.916257409781036 9.134362991299227
9.772112544546342 0.4935828497182748
9.104608695839008 9.556522441758702
0.6756074462165684 9.784581214757758
3.5453822359977383 0.23632808613262446
9.108765456414602 0.24631582031864108
9.6160994930424 0.44171498243044116
0.08327395193998832 8.639675959106004
9.777868208026463 8.480581989093604
0.46093478217375417 9.609872486912627
0.22925664286201242 8.219096361142743
2.4830413138610496 0.05181873316568719
9.834764816005475 9.654119998996485
9.04877758431521 0.09005897988145328
9.578048285683156 0.5928485371868453
9.901806148188692 0.5251856768648833
9.7744550291678 0.13970720457769037
9.133996113093666 9.79532335691972
9.203671411836185 1.6666514141305377
0.17247494662114837 8.91646744173464
9.108765456414602 0.24631582031864108
0.26726113179635913 9.668174640199652
0.3629145545117063 7.925186311114942
8.375343110706169 9.808604026698228
0.7846177572656376 9.047880494075962
0.08388092329128183 7.873747571755423
0.46093478217375417 9.609872486912627
8.005539212687196 0.17039585955768155
9.435246975766798 9.993399242796293
8.721353997371711 0.20069967662337707
0.2481945361087856 8.484535287798767
9.96811363796575 9.405146342383347
8.721353997371711 0.20069967662337707
9.452353816410389 9.711940798705314
9.813569563617738 0.1993754574090545
9.831301925040357 0.3340890563065724
0.10161152832355302 5.06005574657669
9.23713870302813 0.06611792617766232
9.702867919719582 0.2715159242888099
9.747094370202698 5.785945340388274
9.032968390874421 9.637835971487636
9.7744550291678 0.13970720457769037
7.3288422952291015 9.736597600935422
0.1213738719365165 8.38248424936716
0.20004365082927578 8.349936450960755
0.10846321255474356 6.704382951069158
0.036313771116465166 8.904505523708847
9.023166306885589 0.7115792708636981
7.430514005214189 0.047920931094005415
9.504808191313547 0.35864011826108655
9.829470750189799 0.08257865337918169
9.691051900466816 7.789696636289552
4.955504432099415 0.12841218823871792
8.23572552446215 1.0968714166743743
8.554871630630128 0.7524259554751
0.08827776313681035 6.37460644875373
9.85248967235195 3.7801608300270417
8.608138720774212 0.7928884434702077
8.995707493145646 9.638308859028832
8.903518987687896 0.4847547970767807
0.11060078399653728 5.922569174332231
9.20779693006513 8.984469374516893
0.47650493200054544 0.3359341176899955
0.06538449804020852 3.183330946989633
7.772681775744578 9.049979500935272
9.025920621710046 0.08239323026354883
1.0836772578653342 9.785805387206183
0.020724471368158692 5.410084352708038
0.21723268829536346 0.7185272404948928
0.6137113890602985 6.613692831677625
9.001771507285362 0.036431589107013274
0.3856778512594894 4.53507293214982
9.060976826284977 0.18492914766645496
9.578048285683156 0.5928485371868453
8.56128194214467 9.88918928536062
8.792517737830279 0.7594248167412854
9.660275696322556 1.0432690273267853
0.4308407766512401 9.737534728801066
0.15794011802957142 3.1790022484456992
9.728570384430142 6.565805975553067
9.751480737396562 0.10853554332044046
0.47468697834543105 8.00974463181593
0.7134096924585642 8.000977925970474
0.4077636114987149 7.847985059813483
8.414573522892784 0.10308714498504568
0.5254698502239163 9.908118427148088
0.036313771116465166 8.904505523708847
8.537799713838453 0.14353183456085272
9.23713870302813 0.06611792617766232
0.8389396053891085 0.4336784323590659
9.61689452012398 0.26120221647176756
9.451395846461077 1.3896896544818627
0.46588829152862443 9.490678336139586
0.15705066595106842 8.708623983926866
7.686849422406268 0.08376583293245199
0.7388240424829773 0.5503528826878434
0.0009197228408530655 8.618330791375964
0.4611916869697552 9.851411835974345
7.936148548728803 0.1404190183327203
0.2757070031828168 6.729699744372802
9.864411728998 8.968867169485222
9.655916209727252 0.31200551095551754
0.6607091004011201 9.8378043945956
1.928589670608114 9.955222751782422
0.03459942365563018 0.633320801142887
0.3240186519571919 7.578818104129708
1.2147421842699169 9.735118194303823
7.686215095275408 0.32297957152163104
9.831301925040357 0.3340890563065724
9.23713870302813 0.06611792617766232
0.024663111301506113 0.950151617922359
9.025920621710046 0.08239323026354883
0.028990549766023666 6.44709234757908
9.7744550291678 0.13970720457769037
0.011561141645688444 5.2521933318627205
9.829470750189799 0.08257865337918169
9.860292695970202 0.15804531108074782
9.799374870962227 2.450058753251383
9.969891309680698 7.114306258980814
9.431289666552622 0.3926756337086412
0.9779056500722394 0.40512271524193455
8.523268061929661 0.2320946821588321
9.593186863190466 8.463474005952587
0.1213738719365165 8.38248424936716
0.26726113179635913 9.668174640199652
0.12349533792181955 5.236655258040452
9.813569563617738 0.1993754574090545
9.829251735997598 0.0704764235453137
0.4724584428650713 9.746670610664111
0.014194389279931219 9.098088381939213
9.918452020006061 0.9859499916507941
9.74633746650744 0.43268527639567456
8.216609923744858 0.45274424800002766
0.8801238211249651 9.51146646279849
9.724658219040565 0.7305728952881796
9.408606266567777 0.7933133910965484
0.40721174384672043 7.832834997952962
9.978035785853072 0.9732292231689876
9.876582445479155 2.4054126506022966
9.527575745315 0.23110972377370365
9.30744911844329 1.2576141699032606
9.96811363796575 9.405146342383347
0.580021192566571 9.695226175520515
0.009185882827433822 9.813563309628979
9.452353816410389 9.711940798705314
9.001771507285362 0.036431589107013274
0.30128166640887244 2.3669883813416415
0.41143512303191354 9.739083568199353
8.56128194214467 9.88918928536062
9.025920621710046 0.08239323026354883
8.537799713838453 0.14353183456085272
9.829251735997598 0.0704764235453137
0.11897274532755686 5.398807132337744
0.0460047458764512 3.4713117063949817
0.08327395193998832 8.639675959106004
0.23117199635942498 8.023193902841152
0.009185882827433822 9.813563309628979
9.61692485977026 8.44535569176317
9.746957020078437 0.548446480159086
9.813569563617738 0.1993754574090545
7.332445040099849 0.6350458665678227
8.354870957462543 0.3381890762907491
5.9935219424026425 0.141376256995267
0.45236064251213515 4.902712631456179
9.66918320822834 9.829833247871624
0.26726113179635913 9.668174640199652
0.21124666134163306 9.485190928431532
0.11897274532755686 5.398807132337744
7.031483179607767 9.925558482511425
9.761807507061294 8.917532363450494
9.990885466898101 8.426268362683818
0.265197204103631 7.035543497428424
0.2655262281188864 0.8339158645132683
6.714087500394241 9.988722503900158
9.960295509135872 6.428991821285461
9.37841879926036 9.885696545810589
0.580021192566571 9.695226175520515
9.025920621710046 0.08239323026354883
8.523268061929661 0.2320946821588321
0.5798529737354707 9.399370807597816
3.291587429707734 0.07523391155219272
0.10846321255474356 6.704382951069158
0.08327395193998832 8.639675959106004
0.6612439858557462 0.399810914245442
0.553447450642528 8.82154712834728
8.721353997371711 0.20069967662337707
8.187777410965964 0.9686040145706531
0.07548801918008552 2.786433205299599
5.622068644671661 0.042843680996327294
0.6072797260099239 0.6195539110197856
1.1892621875495402 9.618438949906347
0.01120871101406129 7.204618695534175
0.5254698502239163 9.908118427148088
1.0641144565007288 9.176773119060098
0.26726113179635913 9.668174640199652
9.495731826977956 9.260636367948607
8.721353997371711 0.20069967662337707
9.655916209727252 0.31200551095551754
7.210713402186142 9.608409702559868
8.389401527927822 0.23064183012313721
0.29538126398656495 0.00496626757630958
9.037076816168884 0.3007128695694683
9.85926655794401 1.700838796455706
0.7470612951084021 9.780265791031137
8.814511540158144 0.010285309731583592
9.501327021362068 8.817066782703263
0.06538449804020852 3.183330946989633
7.757261377741507 0.018745538180804378
0.009185882827433822 9.813563309628979
9.829251735997598 0.0704764235453137
9.6160994930424 0.44171498243044116
9.013433461840567 9.562318281812507
0.3493275184209965 9.79503338235691
9.209333744470339 0.17644880417358344
9.001771507285362 0.036431589107013274
9.001771507285362 0.036431589107013274
0.41513414067237075 8.512091211988317
0.014194389279931219 9.098088381939213
7.41121972605896 0.07727446901168111
0.12144721349697685 1.9094272784225197
0.08327395193998832 8.639675959106004
0.11551084798559375 8.44687782828274
6.152011047820558 0.19330818660985738
9.580652566830745 0.5990967597170194
7.773438349591153 9.544641333540545
8.523268061929661 0.2320946821588321
3.704478022403843 0.18889208825139114
9.424174490179237 0.5223974961057642
9.052805783457849 9.159034747160062
9.395688272614963 0.4270575786935171
9.642228192640856 0.7003562697607868
7.827323751274089 0.08738796318675801
0.580021192566571 9.695226175520515
9.554850468908409 0.4870781410865055
9.702867919719582 0.2715159242888099
9.580652566830745 0.5990967597170194
0.26726113179635913 9.668174640199652
9.85926655794401 1.700838796455706
9.504808191313547 0.35864011826108655
9.61689452012398 0.26120221647176756
0.2052658577327704 9.74969187522601
8.489947739080936 9.568745444632953
0.7470612951084021 9.780265791031137
9.813569563617738 0.1993754574090545
0.030367826155925925 3.309612143940741
9.502535011780306 0.3619090373201228
9.916257409781036 9.134362991299227
9.431289666552622 0.3926756337086412
9.702867919719582 0.2715159242888099
0.12144721349697685 1.9094272784225197
9.797601526459282 6.922915876484829
0.9708002699725071 0.8828853671150072
9.050446024185677 8.764518860632329
0.40989039589583776 9.87389901636596
0.1213738719365165 8.38248424936716
9.860292695970202 0.15804531108074782
9.918452020006061 0.9859499916507941
9.738831922986947 0.1821671945941694
0.03771921037560855 2.6932625013760747
0.41014126938924367 9.458496615329864
9.702867919719582 0.2715159242888099
0.12233633540180922 7.839795320542507
0.3493275184209965 9.79503338235691
0.31064928083921695 8.51879412309146
9.660275696322556 1.0432690273267853
8.814511540158144 0.010285309731583592
0.1260863903213605 0.04910487570561006
0.009185882827433822 9.813563309628979
9.881995372363143 3.289386474017093
9.435246975766798 9.993399242796293
9.866868892279566 1.449322397868258
8.414573522892784 0.10308714498504568
0.31267605866719395 9.467426681856402
0.44554091868956425 9.392426794727406
0.2805842934077951 9.135095103096937
9.99382600768772 9.923412316879672
0.2052658577327704 9.74969187522601
4.549636023610066 0.2176279954572058
0.6674491360575785 9.790619700013934
9.755847615767832 6.6162690328980585
9.173883929827305 0.8564026509857037
9.916257409781036 9.134362991299227
0.08388092329128183 7.873747571755423
0.3677837186398736 9.233675213628281
8.968660724287943 9.266707478275041
9.746957020078437 0.548446480159086
8.328977015554814 0.036228871512389293
0.35504814653281924 9.89479743189339
0.5254698502239163 9.908118427148088
9.502535011780306 0.3619090373201228
4.039171521906402 0.3926466311602339
9.578048285683156 0.5928485371868453
0.12798677992074792 6.411962360021224
9.655702543787827 9.577115561093258
8.222551812943841 0.28608283426534875
0.08388092329128183 7.873747571755423
8.721353997371711 0.20069967662337707
9.032968390874421 9.637835971487636
9.751480737396562 0.10853554332044046
0.5190877420712714 9.897745554811078
9.452353816410389 9.711940798705314
1.135024676624774 9.486473929977052
0.009185882827433822 9.813563309628979
9.759483169702555 0.5486269016198908
9.978035785853072 0.9732292231689876
7.491556786535329 9.64608015004201
9.554850468908409 0.4870781410865055
0.1213738719365165 8.38248424936716
9.578048285683156 0.5928485371868453
0.22925664286201242 8.219096361142743
0.1630520137901792 0.18249724069397288
9.759483169702555 0.5486269016198908
0.24534785539603865 1.1325677829423064
0.4762762635642548 4.937641621765174
9.860292695970202 0.15804531108074782
9.078725541680859 0.4324297209637651
0.1213738719365165 8.38248424936716
8.537799713838453 0.14353183456085272
0.4724584428650713 9.746670610664111
7.645943906162362 9.442543639213133
9.7744550291678 0.13970720457769037
9.738831922986947 0.1821671945941694
8.222551812943841 0.28608283426534875
9.377222847536167 9.193574258978327
9.99945086076149 8.103935875054766
0.04730500892478062 7.027540793157883
9.960390655380252 7.941287335189628
9.549557623598513 9.201057939118726
0.07490451911289941 3.3091160040889944
9.209333744470339 0.17644880417358344
0.4796966701175087 4.959943946382692
0.40989039589583776 9.87389901636596
8.08266706481345 0.4082575062081273
9.724658219040565 0.7305728952881796
0.08069043344794746 8.194617658719922
9.655916209727252 0.31200551095551754
0.20295350832396863 2.8977705215794414
9.025920621710046 0.08239323026354883
8.523268061929661 0.2320946821588321
0.17823140962532902 1.8586234500703802
0.21691481791167533 9.11831606430728
0.13854253870627886 4.445197391348456
7.757261377741507 0.018745538180804378
0.11897274532755686 5.398807132337744
8.328977015554814 0.036228871512389293
8.222551812943841 0.28608283426534875
7.1295960571838375 0.14807502149840612
0.31064928083921695 8.51879412309146
0.6712720592109167 1.0704519348873842
9.578048285683156 0.5928485371868453
9.53361113333127 1.3074198986991226
0.15570451652095807 5.467564590760297
9.192109438906451 9.400832805496272
9.648964761596515 9.635716187973332
0.013659876254887848 8.582223441900352
0.11060078399653728 5.922569174332231
0.41143512303191354 9.739083568199353
9.904508338320808 1.1279340218748168
0.9278655907961442 8.21272637166766
9.61689452012398 0.26120221647176756
0.233018602199222 5.199413798112252
9.501327021362068 8.817066782703263
0.6245433273686607 9.058639943265483
8.537799713838453 0.14353183456085272
9.108765456414602 0.24631582031864108
9.001771507285362 0.036431589107013274
9.597374869306119 0.374461284035037
0.6215513881910684 8.568519811282286
8.721353997371711 0.20069967662337707
9.527575745315 0.23110972377370365
9.108765456414602 0.24631582031864108
0.2961080544353756 0.1426945737959162
8.814511540158144 0.010285309731583592
9.960390655380252 7.941287335189628
0.2683205331603289 9.184469172121679
0.9244534901806167 8.933605709941778
0.2554596561385658 7.668644479848529
8.537680856714726 0.722724534180128
9.164424124299819 0.19658773361154402
0.404873366896088 9.25651110277488
0.14763332894555115 6.11953509457464
0.31267605866719395 9.467426681856402
9.228505647066621 9.462336989561177
9.584050426869604 9.00787958463907
7.618776986412166 0.06691883794576636
6.375589827052066 9.996516124445517
9.578048285683156 0.5928485371868453
9.772112544546342 0.4935828497182748
0.21691481791167533 9.11831606430728
0.19145259679250293 4.68515168454031
9.435246975766798 9.993399242796293
9.554850468908409 0.4870781410865055
0.08827776313681035 6.37460644875373
9.951660158080966 5.5627209370863495
0.12461859931574448 4.092475076984956
0.13019829825615004 0.21373711100592052
0.580021192566571 9.695226175520515
9.7744550291678 0.13970720457769037
7.4545038658817075 1.21310162882307
0.1778722211291517 0.16356472724556426
8.988120832958927 9.64925660669695
9.424174490179237 0.5223974961057642
9.779904511378303 9.934345265675546
9.164424124299819 0.19658773361154402
0.6170337324510178 1.4199223815484707
0.15705066595106842 8.708623983926866
9.502535011780306 0.3619090373201228
8.806144575147087 0.029917398530721062
9.23713870302813 0.06611792617766232
9.860292695970202 0.15804531108074782
0.31024803925773226 3.3723345002126903
9.74633746650744 0.43268527639567456
0.5858759516595358 7.1709457389867515
9.527575745315 0.23110972377370365
9.209333744470339 0.17644880417358344
7.5863494134588505 0.2192784059785402
9.738831922986947 0.1821671945941694
9.051859203406629 9.49210457203434
9.395688272614963 0.4270575786935171
9.761807507061294 8.917532363450494
0.21691481791167533 9.11831606430728
9.903289430739807 1.4781765933175017
0.03545137174963964 5.556711028041557
9.866868892279566 1.449322397868258
0.07548801918008552 2.786433205299599
9.702867919719582 0.2715159242888099
0.38242895750656647 9.498982978307495
0.48541365232370515 8.53357037024117
7.948554650752224 9.813083496595699
9.772112544546342 0.4935828497182748
0.2805842934077951 9.135095103096937
9.731002644827795 1.1354146000858911
9.98572736348799 4.1892475119771415
0.744068827572264 0.3793135821238258
9.836344117345657 1.771693998275552
0.06552758801111613 3.1977674367407394
7.373357510282819 9.940354922542658
8.56128194214467 9.88918928536062
9.578048285683156 0.5928485371868453
9.03332024881303 9.522366038079706
9.7744550291678 0.13970720457769037
0.5190877420712714 9.897745554811078
0.06538449804020852 3.183330946989633
9.311780151661273 0.3750333400875605
0.009185882827433822 9.813563309628979
9.554850468908409 0.4870781410865055
9.56574076808935 9.593914889950481
0.15570451652095807 5.467564590760297
0.3493275184209965 9.79503338235691
8.916820734698609 9.963393715399697
0.26726113179635913 9.668174640199652
0.6674491360575785 9.790619700013934
8.263936810326452 0.002384704545719263
5.268098646282691 0.4669188359533427
9.829251735997598 0.0704764235453137
9.7744550291678 0.13970720457769037
8.426261496048182 9.36988002030895
8.916820734698609 9.963393715399697
9.852356299826168 8.53334010040533
9.192109438906451 9.400832805496272
9.530230977814727 0.7094702656471319
8.537799713838453 0.14353183456085272
0.43272813083631956 7.468304805580104
9.779904511378303 9.934345265675546
8.721353997371711 0.20069967662337707
0.3677837186398736 9.233675213628281
9.746957020078437 0.548446480159086
0.029793488808316226 7.543989818724633
0.4338948706031731 8.578202230229445
0.3493275184209965 9.79503338235691
0.3677837186398736 9.233675213628281
0.09921449570825747 7.923689596518109
9.731002644827795 1.1354146000858911
7.1295960571838375 0.14807502149840612
7.430514005214189 0.047920931094005415
0.4338948706031731 8.578202230229445
8.39719382750538 1.1802417299392554
0.8873687655909612 7.494542994397573
0.1213738719365165 8.38248424936716
9.377222847536167 9.193574258978327
8.721353997371711 0.20069967662337707
9.813569563617738 0.1993754574090545
0.4308407766512401 9.737534728801066
0.34314896513223614 6.324575151193721
8.954836430634824 0.36074435628646206
9.111936015968457 8.946487517221627
0.40721174384672043 7.832834997952962
7.898328019485376 0.49886667749472924
9.990885466898101 8.426268362683818
9.61689452012398 0.26120221647176756
9.395688272614963 0.4270575786935171
1.1892621875495402 9.618438949906347
0.26726113179635913 9.668174640199652
0.0164203479403624 3.0056525842161563
0.0011762531552172995 3.5110239473020965
9.61689452012398 0.26120221647176756
8.328977015554814 0.036228871512389293
9.104608695839008 9.556522441758702
0.2805842934077951 9.135095103096937
9.668681000154054 1.289458548710436
9.99382600768772 9.923412316879672
0.1213738719365165 8.38248424936716
9.99382600768772 9.923412316879672
9.956525200592685 8.668744939521186
8.537799713838453 0.14353183456085272
9.746957020078437 0.548446480159086
9.530230977814727 0.7094702656471319
9.023166306885589 0.7115792708636981
0.3493275184209965 9.79503338235691
0.47017251946482874 0.251229150786596
9.349844006029787 9.699605387487471
7.994925766843144 9.660797667524024
9.23713870302813 0.06611792617766232
1.393827225171116 9.831819100728218
9.918452020006061 0.9859499916507941
9.860292695970202 0.15804531108074782
0.0632535882373042 7.7848144525654845
9.060976826284977 0.18492914766645496
9.078725541680859 0.4324297209637651
7.110948652169025 0.012372611169997327
0.030367826155925925 3.309612143940741
9.124848562043884 0.18800661584186695
8.411148644323788 0.217267273822761
0.4308407766512401 9.737534728801066
8.263936810326452 0.002384704545719263
0.2554596561385658 7.668644479848529
0.029793488808316226 7.543989818724633
0.5254698502239163 9.908118427148088
4.432645181657979 0.14247279051773143
9.03332024881303 9.522366038079706
9.829251735997598 0.0704764235453137
6.8094059922429135 0.023119561482241036
9.772112544546342 0.4935828497182748
0.5122636077825926 9.695121116887442
0.6822429798356988 8.116274897254511
1.3613700936585982 9.844781680336926
9.1621210249875 9.889989273422161
9.164424124299819 0.19658773361154402
9.751480737396562 0.10853554332044046
0.08827776313681035 6.37460644875373
8.56128194214467 9.88918928536062
9.001771507285362 0.036431589107013274
9.778461352262116 0.8629703947054135
0.08327395193998832 8.639675959106004
9.597374869306119 0.374461284035037
0.5579471229718069 9.700358852212332
9.655916209727252 0.31200551095551754
0.21401869233894644 4.285404657187697
0.6214751110901884 0.5779028603292735
8.948813278798696 9.380096092398391
0.48541365232370515 8.53357037024117
9.228505647066621 9.462336989561177
0.9570645069266392 9.476172653797414
0.0632535882373042 7.7848144525654845
4.030477727217441 9.671880744761562
9.504808191313547 0.35864011826108655
0.23725996159056573 1.201042160722161
0.15705066595106842 8.708623983926866
8.806144575147087 0.029917398530721062
0.0009197228408530655 8.618330791375964
0.21124666134163306 9.485190928431532
9.025920621710046 0.08239323026354883
0.31267605866719395 9.467426681856402
9.7744550291678 0.13970720457769037
9.978035785853072 0.9732292231689876
9.037076816168884 0.3007128695694683
7.5863494134588505 0.2192784059785402
9.693681522486115 0.37166185704257115
0.5254698502239163 9.908118427148088
8.354870957462543 0.3381890762907491
9.693681522486115 0.37166185704257115
9.23713870302813 0.06611792617766232
0.077291310971348 8.524931236728225
7.485978417717414 9.983705322617782
9.56127990478482 9.410411019737865
9.972980674381247 4.88908854855393
9.668681000154054 1.289458548710436
0.5379356502839205 9.877412782950445
0.8699609786407181 8.791661775671248
0.007370497930958564 4.350789587266524
9.170553837508994 0.30743517203659865
0.8726584006943461 9.759317542146501
9.584050426869604 9.00787958463907
0.32220091477527246 1.0722360913117712
0.28943847981545145 0.9259885226916165
9.751480737396562 0.10853554332044046
0.6674491360575785 9.790619700013934
0.0011762531552172995 3.5110239473020965
9.648964761596515 9.635716187973332
9.829470750189799 0.08257865337918169
0.007370497930958564 4.350789587266524
4.169312824658791 0.003118051987829329
8.093576141322705 0.06936753139280549
9.475059477831035 9.842202137195994
9.759483169702555 0.5486269016198908
2.914471747127083 0.09821028690547129
0.12112720598507432 1.5882099366554958
8.423884143087095 9.332920321054756
0.6607091004011201 9.8378043945956
8.995707493145646 9.638308859028832
0.9744262068439835 7.671558667157332
0.0009197228408530655 8.618330791375964
9.37841879926036 9.885696545810589
0.014194389279931219 9.098088381939213
9.095359016482913 8.633406294983793
0.10214941280009882 7.840465018321197
0.03459942365563018 0.633320801142887
0.1447331728054535 3.31190362792813
0.5379356502839205 9.877412782950445
9.930084464096005 2.1866556946178783
3.704478022403843 0.18889208825139114
9.587678205179168 9.575406512303626
9.408606266567777 0.7933133910965484
0.24534785539603865 1.1325677829423064
9.717629624890607 9.12673659113582
0.2554596561385658 7.668644479848529
8.263936810326452 0.002384704545719263
8.263936810326452 0.002384704545719263
8.838612218282378 0.30626235819193326
9.74633746650744 0.43268527639567456
8.68900670406261 0.38687170251684666
0.4611916869697552 9.851411835974345
9.311780151661273 0.3750333400875605
9.860292695970202 0.15804531108074782
0.3557189472841715 4.485077946850689
0.31267605866719395 9.467426681856402
9.916257409781036 9.134362991299227
0.5579471229718069 9.700358852212332
9.209333744470339 0.17644880417358344
0.06538449804020852 3.183330946989633
0.5254698502239163 9.908118427148088
9.904508338320808 1.1279340218748168
0.12798677992074792 6.411962360021224
9.717629624890607 9.12673659113582
0.077291310971348 8.524931236728225
0.41014126938924367 9.458496615329864
9.965538996192198 8.225377633022093
9.777868208026463 8.480581989093604
9.746957020078437 0.548446480159086
6.152011047820558 0.19330818660985738
8.263936810326452 0.002384704545719263
0.23725996159056573 1.201042160722161
8.093576141322705 0.06936753139280549
9.001771507285362 0.036431589107013274
9.834764816005475 9.654119998996485
0.4724584428650713 9.746670610664111
8.566746991405736 9.365556484079905
0.11060078399653728 5.922569174332231
0.5469677230316905 1.0003137954413899
8.792517737830279 0.7594248167412854
0.41513414067237075 8.512091211988317
9.395688272614963 0.4270575786935171
0.40908301413780546 1.2233399195826866
0.3493275184209965 9.79503338235691
0.15776698207676354 8.539546975581562
0.41354294326143126 0.08670007248172684
0.21124666134163306 9.485190928431532
9.918452020006061 0.9859499916507941
9.66918320822834 9.829833247871624
0.17247494662114837 8.91646744173464
2.9142214873142214 0.1240896247097445
0.3677837186398736 9.233675213628281
0.3677837186398736 9.233675213628281
0.6674491360575785 9.790619700013934
8.814511540158144 0.010285309731583592
8.162675633623405 9.842668847341507
6.85776920665035 0.13126366659404143
0.5254698502239163 9.908118427148088
0.013659876254887848 8.582223441900352
0.26726113179635913 9.668174640199652
1.8125697605313063 9.628932993720172
0.0632535882373042 7.7848144525654845
9.829251735997598 0.0704764235453137
0.17247494662114837 8.91646744173464
9.209333744470339 0.17644880417358344
0.41143512303191354 9.739083568199353
0.23107632987491522 1.8517625640819624
0.9472560105406824 9.885855547941043
9.894128842701837 0.7756730016654867
9.901806148188692 0.5251856768648833
9.738831922986947 0.1821671945941694
0.404873366896088 9.25651110277488
0.14569229163260644 6.249749246355744
0.08839828301760111 2.409145519174163
9.060976826284977 0.18492914766645496
9.860292695970202 0.15804531108074782
8.263936810326452 0.002384704545719263
9.834764816005475 9.654119998996485
8.902433168833834 1.0101368751737994
0.08069043344794746 8.194617658719922
0.08327395193998832 8.639675959106004
0.009185882827433822 9.813563309628979
0.06608282345777372 3.1908591569024902
8.56128194214467 9.88918928536062
9.435246975766798 9.993399242796293
0.7470612951084021 9.780265791031137
0.02396610190214421 6.075523215362915
0.31267605866719395 9.467426681856402
8.988120832958927 9.64925660669695
0.10846321255474356 6.704382951069158
0.08069043344794746 8.194617658719922
0.01292182873178227 6.192507207939539
0.436694322800375 7.234400151574687
0.08388092329128183 7.873747571755423
0.014194389279931219 9.098088381939213
0.4116136888596156 8.395433182576355
9.66918320822834 9.829833247871624
9.164424124299819 0.19658773361154402
9.774321142340796 0.8546663187579329
9.104608695839008 9.556522441758702
0.06389753639173046 0.08302579684595912
8.806144575147087 0.029917398530721062
9.758220937763813 1.5709241038148103
9.530230977814727 0.7094702656471319
9.751480737396562 0.10853554332044046
0.17247494662114837 8.91646744173464
0.31064928083921695 8.51879412309146
0.2052658577327704 9.74969187522601
9.050446024185677 8.764518860632329
9.978035785853072 0.9732292231689876
9.527575745315 0.23110972377370365
9.948316381841444 5.953188230618515
9.779904511378303 9.934345265675546
0.24534785539603865 1.1325677829423064
0.6607091004011201 9.8378043945956
0.9010206520447905 9.48793722027367
0.47468697834543105 8.00974463181593
0.1213738719365165 8.38248424936716
4.169312824658791 0.003118051987829329
9.901806148188692 0.5251856768648833
0.265197204103631 7.035543497428424
0.5798529737354707 9.399370807597816
0.31267605866719395 9.467426681856402
9.702867919719582 0.2715159242888099
9.209333744470339 0.17644880417358344
0.13856377952049748 1.9797090522171001
0.08031313225872472 5.489795812393132
9.655702543787827 9.577115561093258
0.5254698502239163 9.908118427148088
9.303241761666515 8.359642303441031
0.6631600639046065 8.056418672121925
8.62044148546655 8.924221412165545
9.47127258332184 1.5141374660173645
9.74633746650744 0.43268527639567456
6.8094059922429135 0.023119561482241036
0.06538449804020852 3.183330946989633
9.597374869306119 0.374461284035037
9.702867919719582 0.2715159242888099
9.042232953876177 0.6102987360427781
0.08606567786183072 2.426613398112656
9.74209398889209 0.9584899776233158
0.12572299482738636 0.16184100240505206
0.029793488808316226 7.543989818724633
9.773577870400246 1.295732609181568
0.404873366896088 9.25651110277488
0.10161152832355302 5.06005574657669
8.814511540158144 0.010285309731583592
9.738831922986947 0.1821671945941694
8.708337047461704 0.6530081184533243
0.01120871101406129 7.204618695534175
4.195442816536941 0.006761346814370128
7.057950102083836 9.687624455789914
9.831301925040357 0.3340890563065724
9.986926847261678 1.1884061890629916
9.001771507285362 0.036431589107013274
9.301457045947828 0.7488797048591644
8.86307330471875 0.9180123841949706
8.414573522892784 0.10308714498504568
0.06608282345777372 3.1908591569024902
0.1260863903213605 0.04910487570561006
0.1381730670443604 1.2562395616140276
0.6214751110901884 0.5779028603292735
0.21691481791167533 9.11831606430728
9.738831922986947 0.1821671945941694
9.99382600768772 9.923412316879672
8.68900670406261 0.38687170251684666
0.3493275184209965 9.79503338235691
0.12349533792181955 5.236655258040452
1.48683488225837 9.362951365212801
9.377222847536167 9.193574258978327
9.475059477831035 9.842202137195994
0.1213738719365165 8.38248424936716
9.108765456414602 0.24631582031864108
0.19527450943475966 1.8972723614926346
9.502535011780306 0.3619090373201228
0.4338948706031731 8.578202230229445
9.060976826284977 0.18492914766645496
0.5254698502239163 9.908118427148088
0.3677837186398736 9.233675213628281
6.457822231801651 0.5046333466169806
9.738831922986947 0.1821671945941694
9.99382600768772 9.923412316879672
9.527575745315 0.23110972377370365
0.08327395193998832 8.639675959106004
9.596941489588586 9.339662648530192
0.12572299482738636 0.16184100240505206
9.293658962784086 9.386607552776482
0.29538126398656495 0.00496626757630958
8.683347044617884 9.873414069661706
6.2453932786142925 0.12342733608511347
9.693681522486115 0.37166185704257115
6.695873015128361 0.12057421908845178
0.08388092329128183 7.873747571755423
9.978035785853072 0.9732292231689876
0.13019829825615004 0.21373711100592052
0.12920052687402483 4.0488158823376885
0.08069043344794746 8.194617658719922
8.375343110706169 9.808604026698228
7.120149363450112 0.260394667257009
0.09921449570825747 7.923689596518109
0.0011762531552172995 3.5110239473020965
0.3493275184209965 9.79503338235691
9.580652566830745 0.5990967597170194
8.838612218282378 0.30626235819193326
0.2052658577327704 9.74969187522601
0.2683205331603289 9.184469172121679
0.04918510634032813 7.225708030944826
1.48683488225837 9.362951365212801
9.66918320822834 9.829833247871624
0.03272177746755922 7.468693450315172
9.068795019203527 9.586062386313415
9.84719486741855 4.522387853193479
9.467708833009716 9.66187427870993
9.761807507061294 8.917532363450494
9.337338960289049 9.903892930423758
0.4077636114987149 7.847985059813483
8.75011342059009 0.34163228781826316
0.21124666134163306 9.485190928431532
9.894128842701837 0.7756730016654867
0.9124036383022727 9.125879978914746
0.08327395193998832 8.639675959106004
9.724658219040565 0.7305728952881796
8.806144575147087 0.029917398530721062
0.1213738719365165 8.38248424936716
9.301457045947828 0.7488797048591644
9.042232953876177 0.6102987360427781
0.10214941280009882 7.840465018321197
9.04877758431521 0.09005897988145328
9.831301925040357 0.3340890563065724
7.485978417717414 9.983705322617782
0.6968620601278741 8.618333554399362
9.257898142294444 8.45047692390284
0.09921449570825747 7.923689596518109
9.813569563617738 0.1993754574090545
0.03272177746755922 7.468693450315172
9.813569563617738 0.1993754574090545
1.7800994904982392 0.5007700373208746
9.99382600768772 9.923412316879672
0.077291310971348 8.524931236728225
8.597631991648099 9.381367505656748
0.029793488808316226 7.543989818724633
8.263936810326452 0.002384704545719263
8.988120832958927 9.64925660669695
0.7474312027933494 9.931711867860153
0.6245433273686607 9.058639943265483
0.35504814653281924 9.89479743189339
9.73516489190221 6.118434962007777
0.12572299482738636 0.16184100240505206
8.222551812943841 0.28608283426534875
0.4308407766512401 9.737534728801066
9.467124622460378 6.296348397153972
9.315086392493104 9.732198345621466
0.7474312027933494 9.931711867860153
8.389401527927822 0.23064183012313721
2.755541926192928 0.06899464441708414
0.2554596561385658 7.668644479848529
9.772112544546342 0.4935828497182748
8.414573522892784 0.10308714498504568
9.772112544546342 0.4935828497182748
8.328977015554814 0.036228871512389293
0.09921449570825747 7.923689596518109
9.660275696322556 1.0432690273267853
9.023166306885589 0.7115792708636981
9.903289430739807 1.4781765933175017
7.520219195823734 0.06754026735168228
7.936148548728803 0.1404190183327203
8.484493716386307 1.1276644221037135
0.10161152832355302 5.06005574657669
0.1778722211291517 0.16356472724556426
9.001771507285362 0.036431589107013274
9.504808191313547 0.35864011826108655
0.4724584428650713 9.746670610664111
1.1833829762072146 9.285022088886151
9.060976826284977 0.18492914766645496
0.23117199635942498 8.023193902841152
0.2923835372904593 8.767267169734543
0.4724584428650713 9.746670610664111
8.08266706481345 0.4082575062081273
0.21124666134163306 9.485190928431532
9.978035785853072 0.9732292231689876
9.864411728998 8.968867169485222
6.152011047820558 0.19330818660985738
9.124848562043884 0.18800661584186695
9.001771507285362 0.036431589107013274
8.814511540158144 0.010285309731583592
1.2494736995834699 9.793030467312791
0.41354294326143126 0.08670007248172684
0.40989039589583776 9.87389901636596
9.108765456414602 0.24631582031864108
7.257873245502604 0.2759140728976095
0.0704835542974247 5.8408948164917796
9.943527642272521 5.634719236708321
9.037076816168884 0.3007128695694683
9.864411728998 8.968867169485222
9.738831922986947 0.1821671945941694
0.12144721349697685 1.9094272784225197
9.85926655794401 1.700838796455706
9.108765456414602 0.24631582031864108
0.5190877420712714 9.897745554811078
9.408606266567777 0.7933133910965484
9.901806148188692 0.5251856768648833
9.209333744470339 0.17644880417358344
0.31267605866719395 9.467426681856402
0.0760810848167659 5.847936079936094
9.311780151661273 0.3750333400875605
9.452353816410389 9.711940798705314
9.831301925040357 0.3340890563065724
4.387593332697461 0.2963261888061952
9.377222847536167 9.193574258978327
9.7744550291678 0.13970720457769037
0.5591045912359593 8.899734011346407
0.491964779695242 6.487446660368434
0.013659876254887848 8.582223441900352
9.431289666552622 0.3926756337086412
9.579371005204212 8.085328344356249
7.580197483819308 0.22656434956888516
9.56574076808935 9.593914889950481
0.14958848126835012 6.30242248871366
