44.72712758956124 261.50459721609707 262.247273588638 50.0
52.33521235935484 236.0348993978704 215.28463250578284 25.0
57.05470971636719 270.81899900293524 230.10488938343215 40.0
60.12787467406725 244.54716587198774 185.9787332984969 25.0
51.235307216124774 43.85340517025482 43.72590503652531 8.0
59.38868441182969 260.12321197192557 239.68153346590427 45.0
37.3667900343116 15.82583547752203 5.816337332249468 3.0
53.87127668711084 59.97614527815441 43.23381732411918 9.0
46.57260854545274 251.4338512116031 252.41990035078038 39.0
53.50785068196531 286.84312230706706 166.05369895808752 27.0
41.97122175693121 29.313915184575215 44.610985239830775 6.0
54.3505577920069 245.82724330835353 212.25626479684814 29.0
38.17422901239957 14.51639132075286 5.49222632820587 3.0
50.21619318733107 128.37925543016198 127.9791749178766 16.0
58.82922197271515 258.0156508968844 205.2145752424882 29.0
44.1637201321799 62.96880028723237 55.01993598483519 8.0
41.01700471740304 28.48710441876166 28.62419915725427 5.0
30.0 0.0 0.0 1.0
65.12071098303068 265.31493557923676 199.00280776833617 30.0
54.09085201019196 210.65125526492795 167.25105859599495 21.0
42.75693514740985 21.57791290656664 23.652571514278048 5.0
59.06117809699371 220.8015378231858 124.58903466992697 20.0
52.20417408431593 257.43593354645236 243.25572119421085 41.0
49.62547950809757 253.09159917360265 262.848265094928 42.0
65.07306242582489 258.12654328645755 230.24633509707445 42.0
57.09439740473379 289.1801072435213 199.83603385881472 42.0
55.458375179992125 249.36720805633772 143.59660763527884 23.0
52.287489960511884 273.24219539824855 210.0958601037599 31.0
62.20534421904684 221.74059716432643 170.7365034810123 23.0
61.964865442927916 126.19685575020941 111.86380637158015 16.0
49.67987984836337 282.4149121600202 219.6888340748754 32.0
54.52636731955775 260.4072936675788 201.6513209522347 29.0
52.1583283404218 242.87678734471746 213.5406404231417 27.0
50.48361782812994 276.80484399878986 214.1684266645787 38.0
52.3782346368079 198.05739344264256 155.92138984948025 20.0
49.76912250528892 282.6718974065168 224.60672851639845 40.0
62.16255291716041 199.32887129951814 157.46971883580986 21.0
51.64024563370801 282.10981830857895 233.249942487999 47.0
47.496089835547636 70.92325429499556 63.983091362574896 10.0
51.047696939836776 259.5129172099203 254.9478082378911 45.0
51.43804557546015 253.49909352395701 232.8945559484322 46.0
53.94444196402105 211.22136428451114 177.0509398750768 23.0
50.3486762199924 278.6632309650383 233.25190193346532 47.0
40.08287674979705 22.585403295343703 18.518012326182127 4.0
52.20417408431593 257.43593354645236 243.25572119421085 41.0
55.05037096884949 286.70821737439735 209.65282298477595 31.0
57.47465126106589 284.36964949785227 187.84482025389576 29.0
54.58841356105971 295.43265335410405 219.87719538913268 42.0
59.68300070795868 249.0314016149997 244.13079469185374 40.0
57.356637508056224 69.11280253755322 64.3989720800674 11.0
53.71529613491669 163.72793900711497 133.12997345550627 17.0
56.26562146985595 270.13873492732006 195.18171558360308 28.0
42.0631165406583 40.12176202795006 47.11422404778158 6.0
52.93948041682368 89.44469174457225 96.3640185077825 13.0
55.99830375175754 257.75351229637465 247.20921442990252 43.0
62.42771102461035 217.59226013669144 149.189741524864 21.0
34.109021739130434 7.156971713746714 4.83893325662341 2.0
58.509578587394884 255.53804517511733 210.21950081037178 31.0
45.68989433245146 289.23570803489224 236.1958078625661 48.0
55.9732943026474 292.20678953850245 202.63094748654783 36.0
58.87559482212126 247.05342883014148 224.29923816969279 33.0
51.10498354864853 276.60587708083904 218.20684530123708 49.0
60.38574094252497 244.18146743229195 155.01579807484814 21.0
56.149961584908375 231.42529774433305 182.84890160846214 24.0
59.20591085363364 252.93572522497573 148.80932476209537 23.0
50.73627758991051 282.99768852731177 221.6278165552584 45.0
53.90441821728172 210.79027664046566 184.18688601158263 23.0
58.22977605951985 282.5973680402577 189.77841909968885 30.0
51.40647535543787 232.2021289859376 283.29507714630375 50.0
55.87397587241308 280.30578826516887 210.02041530836513 41.0
51.52225528646914 256.0357630876813 233.03937621307028 31.0
48.414253158094176 280.4294953961006 223.64720067101257 34.0
56.524719979150426 286.8943402525435 209.74161694594844 38.0
53.39976972059121 145.85418579174134 108.69324752257852 15.0
54.358191015865536 189.0814263278907 132.04236844395322 18.0
49.33284014950408 228.32589363400155 170.53063876271113 23.0
57.01833004496791 236.82392854817198 160.7492575569965 21.0
55.15315926390772 279.31667414558757 202.71738982174418 34.0
54.65201206520383 247.12543628944113 260.64891653361036 48.0
54.85262546369075 208.85631676161992 184.65175585927648 24.0
48.83944959457111 274.46260954765273 238.46509565513637 39.0
48.268143740939536 260.0497061255315 244.3247401726394 38.0
50.045316738623775 279.63467472485905 216.8284023488784 30.0
56.82263309876561 278.9231415031104 222.89736374710094 44.0
58.5318331935851 204.19485370240562 145.88004359038842 20.0
37.48773197200387 13.993010330732078 11.34944157348415 3.0
56.24573134258674 216.96255099857044 187.47895564388548 23.0
50.849161668901736 260.27616123884394 256.17189194163075 46.0
60.39275778644798 177.65994517615465 124.41449113283772 18.0
55.34335892956607 275.76873503759526 217.17296082470466 36.0
58.23705639291415 251.26574528418988 186.66931350706284 27.0
30.0 0.0 0.0 1.0
66.60446946402541 261.0349607957535 202.12050592437498 36.0
50.76953457571756 247.19259751917642 237.90857558511408 31.0
50.2981038215245 101.79288942528069 112.75679061071192 14.0
30.0 0.0 0.0 1.0
54.357494959160924 289.4996085882628 208.69694848679833 38.0
40.41778005362697 20.65354027170447 15.73537480465457 4.0
50.81338462398525 262.77231392577437 203.58733390546934 29.0
48.97740872526316 272.7575246115784 224.24012881951293 32.0
56.3246203934256 93.57692719964615 90.2440640794947 12.0
45.59946804365767 35.62266897829237 40.011730063410674 7.0
49.67174321470275 258.05264454128644 262.63456383660287 38.0
51.235307216124774 43.85340517025482 43.72590503652531 8.0
48.236920577280436 252.4639787493027 249.2271314346577 44.0
54.19669423295575 246.77040053602371 212.1371427988239 30.0
58.87536689053771 251.5020452766043 252.0045371662867 46.0
60.23943516429854 274.0925484014856 201.36737851996006 35.0
51.33678012625655 298.0565640191917 193.82943461821617 39.0
53.70065773002395 251.3375623369521 222.11147673232966 31.0
50.95072647082829 167.0518686941809 137.70758239879405 17.0
58.33274727522358 250.98980796255873 241.17388468566523 45.0
45.25388164910342 48.48618144355771 46.230171991182665 8.0
55.13191172110567 88.72340145955586 55.682425799733394 11.0
55.69812764876776 75.99742294322962 57.40607572410859 10.0
53.90658610034222 99.33161460228379 100.37874390602039 14.0
60.29534339912707 205.73670459243814 143.85649960051686 19.0
52.99019530631095 254.96064813682696 235.64157126731223 37.0
34.109021739130434 1.4806047970564862 4.2089796179347765 2.0
48.178853876903375 263.75353956863785 250.27316694726235 50.0
62.61153787010206 191.17207952006856 156.54035323576954 19.0
48.00244692221183 38.91882417640327 26.695100907179807 6.0
57.05625606406468 123.54078466715224 92.41369960461596 14.0
55.285470162678315 283.70888246851973 229.28530421720342 42.0
54.07885521094995 280.9744912927663 209.85307267748374 48.0
50.49912423432788 233.76571724542555 187.7720466340069 23.0
36.98468505527498 9.474455452125927 15.356420004033492 3.0
48.18129925579147 256.4272111234255 229.55434821029885 29.0
61.23859707993825 260.47765467250326 224.9780433369654 32.0
62.0666492503063 243.9693512898741 178.18363714784078 25.0
56.92795394350761 286.9935731095311 205.27799696471158 37.0
55.883807628483886 215.09074142058995 176.70474030859907 23.0
62.1528772141645 224.826583699366 205.1928890783198 30.0
57.846004488057396 129.89239676003632 108.87381889735417 15.0
55.474841299354075 188.60154540278006 160.98187259298166 21.0
50.2312147997461 259.14059741626113 209.10017413135125 26.0
68.18983957667642 255.33698084623802 181.5709324122132 29.0
53.53906197633793 254.9715927599312 227.5423366303288 34.0
51.066925157230415 257.5377366355526 252.69207717201508 49.0
48.307088291891525 252.82488433095395 215.98612795232617 29.0
50.86638051097951 263.42830011581884 251.82233631304445 42.0
50.56215726997593 199.69331228822702 162.18061688041524 20.0
55.82423836062951 235.88443769872396 173.2494595561196 23.0
49.601344559347034 270.26621842314484 232.0044558931073 33.0
59.2240240707405 256.00394054141174 209.47258508977532 31.0
63.219207712835576 234.7625784138496 176.57275530563138 26.0
47.21380587962901 254.6666136106689 243.64591871596159 35.0
52.12445823564795 59.108774564154324 41.52813249432364 8.0
53.352359685994905 89.69129510074205 83.32535607692807 12.0
57.32256976115012 112.70122771735865 81.77419023858101 13.0
55.017761959442474 171.44777747308572 141.13341740268567 17.0
62.836537890860725 176.65564673474756 122.13059674770034 17.0
52.247025783417854 241.61785762939596 185.32464790324653 25.0
51.697063128778225 255.67744635119672 229.95322601791935 30.0
52.54064818168554 254.63961438805376 174.83852355273862 25.0
62.0406311061361 152.37106629637924 121.06382806977201 17.0
59.36004900352583 187.8178094278281 148.63930291204053 20.0
56.09721806161616 278.0113624797817 224.12250095059431 44.0
60.117131720352056 224.73676144565889 207.65707210660239 26.0
34.109021739130434 9.627298102932826 9.514480562962035 2.0
54.04588618052347 251.63841193537337 176.5593096957593 25.0
53.60543448179456 243.04750445270153 207.86359268179046 27.0
46.52070475646785 254.8577896307971 263.1027285352829 50.0
47.08356330990294 289.29327015702074 222.69718554560342 41.0
54.80413763217363 245.07460121866686 245.75212388391878 33.0
58.61992149192013 283.19609209238916 197.1223765466008 35.0
48.40940082695685 262.28208823747866 237.92593491065975 39.0
58.54147394999051 275.28888021531964 231.55857940074702 45.0
53.054555848026865 295.34801471426283 173.51323803153983 30.0
50.439707688851044 184.54522933311654 146.49211543831524 18.0
50.49608475419667 140.69236066804098 134.47170553224086 17.0
62.35168418669321 240.15030681497169 199.93817962615395 27.0
50.770941408439384 226.99193220230623 208.81045079749288 27.0
40.49759111995265 21.204613771556694 37.14877599236764 5.0
53.371541320241015 268.16887433271813 204.3868709836982 30.0
56.275482293329986 204.91090745531096 169.29694898284714 21.0
55.17123571013806 241.88311595484754 232.84143576362567 31.0
57.011908804048495 281.46996444191075 213.00418503216972 40.0
46.158433606110556 56.33241339723473 42.917595202949826 8.0
45.28485721789989 36.48399016486101 24.62044529345003 6.0
52.42108710792079 260.4840419970374 242.42448029122653 41.0
53.27943309692408 266.210092729443 219.63017142892332 36.0
58.915859054785145 276.98797767469006 212.7547819502431 41.0
59.275620142360644 282.32727773918566 196.83619269146791 32.0
50.886810113992944 79.11141365877442 77.33630017699434 12.0
48.11281126975597 268.63845540997676 248.78255883207342 41.0
57.94802517266627 269.8087417851209 194.75499045369122 30.0
50.36968698653925 263.47640360189 243.23628431771616 45.0
49.06053771269922 251.86544114133682 235.67709368146143 39.0
49.05619490990669 252.798785801658 266.7484575927648 45.0
52.651414934860036 251.97145783171257 254.6830149908934 41.0
48.78675498760169 74.53511621218219 55.31418374280007 9.0
54.48467766440698 157.49054456788102 134.27675046787948 19.0
50.05316404583052 272.7279265014343 231.82463422717865 31.0
51.09734818576051 174.02738416565094 127.9534511299346 17.0
55.90078610922386 66.37622334615554 76.90983690846636 11.0
51.98912117511391 234.80157533301724 271.50036226392814 47.0
55.48014844413888 70.48662587847247 62.393740901195535 11.0
57.65494925570733 132.78521765429866 98.78857282833746 15.0
68.18983957667642 255.33698084623802 181.5709324122132 29.0
48.89991807714189 233.16908297950434 200.0697624118893 24.0
53.88291544424066 166.16303186640673 114.75919191483706 16.0
62.76723281760535 244.19163721641956 217.5698335409968 33.0
61.54940914120236 268.3418844260297 200.1411129819088 32.0
34.109021739130434 4.336219150446647 6.491969750064062 2.0
57.686480466088625 92.25081404849456 74.41198736322772 13.0
59.35082868723917 269.849714853697 192.17589768364627 29.0
52.00715232815997 111.94908870057918 83.55777734182202 12.0
56.90893780565413 86.99283766654042 84.56744276259745 12.0
50.466770931414096 53.41891215701572 25.15912727637399 7.0
52.99596585501921 255.76870967519756 234.27401842621606 35.0
53.22347034411138 263.49361190871883 226.26234128572773 46.0
53.02186897940133 283.93253188737793 197.49500679556098 39.0
39.27403858476608 17.11970165681114 15.297383805744321 4.0
46.333480405556195 253.3601838671218 269.8007173872777 49.0
59.94333154367448 271.36591398877766 221.9875026912327 40.0
44.06437409318819 47.6547463789199 44.75939762417123 7.0
34.109021739130434 4.838531153352623 1.3437421442459452 2.0
62.40097954062428 164.03746528511897 117.87765242895995 17.0
51.56455893647982 120.65562856560759 100.03677941334686 14.0
55.08133757425197 267.9926319870418 229.73720960012065 35.0
59.26944502432131 245.32757445476562 190.86367834204532 27.0
47.13759220269596 77.1151164585124 68.11680033598151 10.0
57.9658306884365 118.72270040478243 91.25023601214919 13.0
55.69300068636581 262.98502070716194 224.13584948962338 32.0
34.109021739130434 5.320996999895651 4.495172974021799 2.0
50.71061678881941 256.5964136044781 259.8896248709528 50.0
51.033411430439386 257.89751840510763 244.357496767197 33.0
55.348333059064515 209.32109885374308 167.32801998509186 21.0
62.61153787010206 191.17207952006856 156.54035323576954 19.0
49.52642833491965 167.36740847817032 130.4871324450761 16.0
50.05206167437594 255.53777213379232 255.8021590386764 36.0
60.45590336259333 272.3473840753836 202.49838159084015 34.0
56.598084153418036 189.63027555072298 121.11931167486432 16.0
46.488900601560346 257.7845656193238 261.63643661069375 50.0
53.91606630250629 194.418262399978 159.08180689363806 21.0
57.09439740473379 289.1801072435213 199.83603385881472 42.0
58.310543232447614 244.9100182254143 153.76661181801126 22.0
52.822805491306354 261.10732286875026 247.08772948988056 39.0
56.513540753878836 161.0450530403362 114.34532387658797 16.0
60.322680743626904 235.34791047654903 170.85451731319583 23.0
52.3782346368079 198.05739344264256 155.92138984948025 20.0
55.736353441126305 275.66515061636716 206.5571749724733 31.0
52.516536015333116 277.87501099003504 208.45751252535266 30.0
46.13514627371671 262.3880551501 262.3775717320749 42.0
52.5556004460646 203.24679042623268 174.25997946524873 22.0
55.66178504975658 258.3218871895694 238.9139144585267 50.0
54.681967191477035 255.0119574912619 202.68453556022595 28.0
60.32275414515737 250.80917838023723 240.52826619539178 49.0
51.579469257537106 253.67696033741024 238.41321781211408 30.0
52.27683604368302 289.6945499854013 222.0870392563112 44.0
51.87313677955644 93.14672038937258 66.01270522573766 10.0
60.48457621691835 168.98852066484005 132.8722039470744 18.0
47.46918122488635 121.73651285738842 100.35185556493744 13.0
60.04490485569736 248.51592177819612 240.69336846305606 41.0
54.4723177883092 142.36174661994733 117.13259465833212 15.0
51.32482779059877 276.41061915826924 200.2725589427117 30.0
50.233894906882625 269.2216143729026 227.897886045658 30.0
59.521079866602975 221.17113821068403 168.07142724512056 23.0
36.85144763510463 8.169979152045482 15.816704300133011 3.0
59.56059794720958 168.9202172450581 119.16181693188783 17.0
52.27165187968326 262.4748427429586 232.3811754356554 44.0
60.348077954910025 245.11829415493744 195.78482190329137 27.0
57.456358026397254 287.13982150262353 177.78939755885636 29.0
60.300166844696385 185.7342910494037 119.94140341867453 17.0
48.772580119222475 254.64707361307313 260.87329052036756 50.0
52.83491541384175 248.80029897847334 228.6186251438705 32.0
49.71623462519246 260.81855440612424 250.40218531560774 37.0
49.715407640806205 263.22441105672397 251.344409973004 45.0
53.005620753699695 105.25154209869997 92.55190982384917 12.0
53.35767604156396 251.48184912272086 231.45910178299684 35.0
49.615952282911415 272.66220743133937 209.7628594606852 30.0
52.681381484402166 182.25499105828533 165.8939069209694 19.0
57.70569459393017 284.1625703808347 210.48754884350234 37.0
52.413720763415924 76.8038399714532 78.1487084737712 12.0
61.006568952712456 270.3695275743563 208.76114749511098 31.0
50.61873293558894 211.94663265137785 155.036971332951 20.0
62.4326320792175 226.94642795898406 165.65425814649353 23.0
55.46044832108987 170.54540952395766 128.448038566096 16.0
36.93028840254806 11.216516418088496 12.905056284189868 3.0
51.93314796927159 275.8628085016278 231.12450302821074 50.0
49.9177121949743 150.97037253362927 144.2991540931873 17.0
51.64718434959643 262.6567547303488 240.61304751968342 38.0
47.959457273871685 261.2649486248094 249.42791231774686 46.0
50.42175007891253 252.98078424360287 249.82753853262363 34.0
50.92056890307593 252.10734605524212 246.74799911945442 35.0
50.1441127790467 268.0307772148523 247.047947824068 47.0
52.756003298111246 261.94410302883387 198.23235409564165 28.0
60.74355020799656 197.2531520499019 175.77848864943303 22.0
56.56530451436801 247.14391396317325 254.08399930937088 44.0
50.51989490222247 279.232299715333 202.04731019644746 33.0
51.43287735326387 254.33928894513394 257.8110538423048 45.0
49.83708479117369 242.10584723064244 226.36124444210247 34.0
51.75010806493529 257.9003250705495 208.45818894392397 29.0
53.67682013769733 274.57100007814455 221.02679635336918 50.0
46.43955618670528 266.2362482774306 247.53194737715992 46.0
30.0 0.0 0.0 1.0
60.47708018622251 267.9590987756924 216.2968680107031 37.0
51.30728814388803 38.36505242608152 32.94209572434385 8.0
57.492373576828946 269.2566801391159 217.93456906099783 32.0
57.59566776374795 259.6234167629705 244.85375245188553 41.0
49.324510607388326 261.79001279685923 268.47634483329847 42.0
54.47093422189366 168.1643529581692 156.87689476687208 19.0
60.14462686008545 276.77367684978515 195.33345426287374 28.0
48.31523949571608 250.54336182727954 286.45262904813484 47.0
56.75879117300213 283.15878543190536 213.05986551912795 40.0
63.748231220259115 136.25855621024297 81.53760511668598 15.0
51.04320112641026 200.78759097764657 150.54894666574896 19.0
54.80176995293339 215.8316470333812 193.8126302848646 25.0
48.71926421702196 248.70026258680423 275.551564280752 46.0
59.854953045333446 268.07012620509784 179.98432433756423 26.0
52.257936117816044 276.96379721158587 206.5036704206644 37.0
59.18737092538516 244.9382936258311 194.09660050984317 27.0
58.400771691883584 244.68122631037068 257.98566477217116 48.0
51.171542797136446 233.98817270126943 189.1656738881835 23.0
50.82228094618652 273.9779219968946 208.14849721061185 33.0
51.03569104987466 197.84191408597002 186.67079417556596 23.0
62.394766386079205 238.87984960527714 180.2800274658951 27.0
57.703236483136294 115.83628698724617 75.31689493756681 11.0
51.05999789539279 228.10702883352363 174.23917585328127 22.0
48.733335996463296 248.38700997427162 241.2679336509764 41.0
46.12913746448378 71.68628741478858 59.44366737245784 9.0
47.26155683840523 261.2529304337813 249.7109551372673 50.0
50.46508450780151 266.29788440446816 252.0140431015384 44.0
60.92086209879768 242.79666668332624 231.71582161807393 37.0
55.27080666334624 191.3844522392869 153.88614268603763 19.0
52.259306061548884 236.12462068339678 164.76619742393456 22.0
51.29200122507827 278.4616735334933 216.49895169108086 48.0
48.28217413572918 265.72259522909127 246.14141892845117 42.0
59.851682442157205 246.85963145083178 240.37316398698496 38.0
60.476789177363614 236.34458197963528 191.62614238406712 26.0
51.1582353416851 273.5303972786403 200.99038211668798 31.0
53.73959753801684 286.5679223193741 188.96634420283232 35.0
54.65201206520383 247.12543628944113 260.64891653361036 48.0
52.257936117816044 276.96379721158587 206.5036704206644 37.0
46.659922459007305 256.39728552935463 257.2210930608676 49.0
50.70062965421158 190.35817396299296 156.49356014450058 18.0
30.0 0.0 0.0 1.0
52.26070549901676 212.99834566604818 154.0821137419073 20.0
53.85245780182747 216.007341340488 187.53164809411933 24.0
30.0 0.0 0.0 1.0
53.51337698959666 106.89336583463664 56.938394639070445 11.0
48.543156404172414 246.69797176978662 265.56471039339806 44.0
37.91109196008887 10.612386878488657 5.607120427960043 3.0
34.109021739130434 9.402566463201996 5.268605747496999 2.0
59.45330278663297 250.96773168196748 244.82441848309188 41.0
55.615907234160744 107.36221615742701 81.12694422880608 14.0
55.0892638537977 46.524400197642976 28.69289337537554 8.0
58.28936212897953 251.15950674703805 188.34935608071476 26.0
46.89217513920508 249.73638868785613 248.07817148947373 37.0
30.0 0.0 0.0 1.0
57.260622108729514 279.46041979132127 236.64751695198183 48.0
44.34622272117596 18.510410693001496 15.596746394367784 5.0
59.22228996488906 180.23603576695675 142.72541456761613 19.0
51.59649221872135 261.3066045414772 214.70886108293607 30.0
49.57240035881007 38.66839832617042 33.831275609825184 7.0
47.7128578274122 260.19351392990495 260.87727884617766 47.0
47.869035346650975 62.99584159074085 72.09873660500246 10.0
53.7851310652668 124.85010239159001 123.50311648343472 16.0
49.27963746638187 273.83199683885715 214.78395397246584 32.0
50.46922798747959 139.46802651465762 131.97568625561772 17.0
53.512383880152115 215.68655996253807 153.35180227927253 19.0
54.20247624116041 253.43431882263448 256.2633254823538 36.0
51.397270945265454 201.18991863097236 143.85094814229453 19.0
49.086757621053096 98.32845730185022 72.19784024459712 11.0
46.485519182731146 274.2600960610779 232.78049802481547 48.0
54.762721109699605 95.46299769643306 74.63188347431695 13.0
50.63043286996709 163.73371543389095 125.38370065537642 16.0
54.010366914621784 85.74826657929228 61.27150221920712 10.0
60.77968882563064 244.2032753697572 229.80689937261957 35.0
50.98821116473528 125.5913593352472 133.14130981158883 16.0
34.109021739130434 2.0514591009417527 3.102915440860843 2.0
48.236920577280436 252.4639787493027 249.2271314346577 44.0
51.17043986601005 232.08833228035027 185.86070493403943 23.0
50.10421928454995 126.25282688101231 107.80834653207559 14.0
42.0631165406583 40.12176202795006 47.11422404778158 6.0
67.0816500677506 264.161460467095 201.21670757478864 34.0
58.26219602089333 264.70079240137414 196.5900455707295 28.0
52.54948896533007 279.0978712254153 232.35711591070546 46.0
50.274950026411496 196.5925054647752 147.34343487827627 18.0
49.125287804367716 42.17662510017666 31.64542834639045 7.0
44.71356286572871 238.47563407279375 279.22996006314 50.0
51.739718587724184 265.0142116974332 242.54923129187696 50.0
60.98512087896936 135.7330522411099 105.96872981681113 17.0
42.59451470421822 22.190532372502922 19.206789438622298 5.0
49.83116850379005 170.1497169478048 120.19679343063598 15.0
48.40940082695685 262.28208823747866 237.92593491065975 39.0
37.9388243062385 19.15220340610675 3.7138577749737047 3.0
48.952292360612304 260.5991327342742 231.2861941080544 34.0
59.22978121498308 275.47586601394795 222.51661875427146 33.0
51.32482779059877 276.41061915826924 200.2725589427117 30.0
56.37631438457432 134.28562204597665 121.8813190601742 16.0
55.31598632795046 213.64143071061477 127.23991224902313 20.0
47.70686106806664 282.1515461765169 228.76743994970968 41.0
54.16292137983807 193.51560476325395 167.34779232245688 21.0
51.3757278203675 64.44929628068174 76.60983786187616 11.0
45.62994347793019 37.19430923703994 25.178785499144038 6.0
43.45541245890957 30.152926471389968 13.879033704250759 5.0
48.73375152489523 232.49875317661648 211.7421226094156 25.0
54.39104260828782 270.6832150533577 218.476312870203 37.0
51.66446404582245 252.43527325668288 247.8999671253771 45.0
46.04566459907907 94.11012055465723 76.42963580355196 10.0
55.74877768214651 247.86642233029852 176.5060628258063 24.0
60.69054291015183 247.83516877430645 261.5921969389603 42.0
54.03921874569826 263.0166186919166 228.80369123831906 37.0
51.29794696691655 207.10038707436078 143.44777806278552 17.0
54.878279651497685 246.95779875707768 209.99919691931063 28.0
51.78390356272144 257.6614035468615 206.62467616828403 29.0
55.33786418421456 98.99156571490487 66.56877370135972 12.0
66.66367166529027 128.54681411434507 78.6285124896721 14.0
48.61975297129312 66.69784624940303 71.55823214957944 10.0
55.20419822392127 175.89762947770612 146.6088245303516 19.0
49.82086189803129 106.84166189212098 81.82159254077916 12.0
56.82263309876561 278.9231415031104 222.89736374710094 44.0
47.78213027914444 262.7407766244778 246.81261004858015 47.0
43.382255847734655 29.509731650829536 30.37035691586418 5.0
46.98605338332524 265.8706860908875 228.0196949221776 32.0
53.47003996904217 263.0507347058484 239.10244008016886 43.0
42.76616145743741 34.095544233227415 28.81256925328365 6.0
43.61226420427367 26.611138824001088 24.88295702964461 6.0
51.24570849177548 261.60264670019296 250.1037615022592 44.0
52.726689838537695 274.2170358190263 220.3306937103166 46.0
54.95914917798118 244.45414228544698 197.7309967581857 26.0
61.022188774315126 220.04067268163868 142.09406730419659 19.0
57.595610833993014 268.9911970496308 200.91649825421442 31.0
49.413780196301474 71.3997912602342 52.51166205425346 10.0
53.71751764077504 274.4703769152875 208.48915060358925 29.0
30.0 0.0 0.0 1.0
55.168313984124644 73.96040058360748 63.7006876368416 10.0
54.48467766440698 157.49054456788102 134.27675046787948 19.0
54.56586217913991 246.14203190300992 215.36655340485106 30.0
47.28258672568348 70.15718522972718 56.78554398977276 9.0
46.10911786886551 30.695014125500975 30.180304147830945 6.0
43.62120553188314 36.50202841828505 32.319226661976785 6.0
61.52015471412073 238.00083366342412 222.6102586433186 34.0
50.16445949807723 301.21336024702356 201.04525214566752 45.0
49.716154003198255 136.26852048580145 135.56959039644642 16.0
54.31421442376538 277.02626273790395 214.52757470804403 33.0
48.288075639129744 279.45126416118876 202.0444187701205 32.0
45.889441729317554 267.9839121335953 245.9447526867229 43.0
61.067554797146734 232.43078319755068 149.79608568641635 20.0
48.78624634149692 47.415417766978656 43.96675945025227 8.0
47.874244434148515 272.5687505628245 231.8098731987553 37.0
48.48759194319775 248.6110216741859 227.73693309255725 27.0
57.52462504362493 269.69831364763553 241.04907319719894 50.0
57.45654445764728 285.10158833431694 188.09841739052658 32.0
53.17747284729577 254.5496132342984 235.33724228087388 36.0
34.109021739130434 2.009949173627894 2.7601167221433243 2.0
51.71283729956637 271.9922266761141 236.90195603585016 39.0
52.37867148222654 241.6171090613835 265.018483516501 45.0
50.66730982304595 266.80625852855417 252.778030680399 43.0
48.86419927539207 36.426802264787824 44.76958303408031 8.0
49.33284014950408 228.32589363400155 170.53063876271113 23.0
53.80368091759179 251.1597070285125 206.3677799067463 26.0
52.23023268370585 158.55290035770187 142.65811500645634 18.0
53.13865126261936 176.130767428734 123.10845863836626 16.0
48.130512851466065 284.44399613166433 224.90370550934958 46.0
48.84972827518983 270.80007902112163 200.52441838219124 29.0
57.85851388282781 248.1076314330585 231.38502323125962 38.0
55.19436782909144 269.8341349008901 235.3121049633644 43.0
48.37601119912134 82.24657170421791 76.45439546655949 11.0
58.71709019145608 254.8361541026845 172.53063994963503 25.0
63.19288065833765 244.86144740155137 180.7269166669217 24.0
55.25540175894899 247.3022734115684 257.1481197141537 50.0
52.207732012414276 243.80061197025483 167.73888529278648 23.0
54.15347986737547 174.74711667110978 124.16620533976969 17.0
51.04320112641026 200.78759097764657 150.54894666574896 19.0
60.59470884222318 170.66614257547985 159.39774414729757 20.0
49.514012911375595 88.73462553237741 71.90042423061033 11.0
57.762462333388925 258.86037568391066 247.06189360115934 48.0
51.241024006173014 225.23259355300115 184.37271636249125 22.0
30.0 0.0 0.0 1.0
63.213398226928355 160.13990649152703 130.94378728627328 19.0
51.11806182945017 110.86247096279747 101.92343110745263 14.0
50.87230121294619 255.12736803654656 252.6022741105932 50.0
49.84845010606278 47.92725238027197 36.62751976421469 8.0
61.116464016957686 260.35049526902236 204.3508817513114 32.0
50.70062965421158 190.35817396299296 156.49356014450058 18.0
48.414253158094176 280.4294953961006 223.64720067101257 34.0
53.0990034645222 258.3588869185216 216.05551360611204 31.0
55.425973800315944 280.6186408979452 241.3999725998573 47.0
34.109021739130434 8.548659019814098 9.803804002065498 2.0
51.75010806493529 257.9003250705495 208.45818894392397 29.0
30.0 0.0 0.0 1.0
40.30657483428818 39.45082702650605 29.616789448373016 5.0
43.052541925490715 25.092850562063436 35.07790845514487 6.0
51.68079526543725 38.447024738407265 42.45233656851946 8.0
36.767562016803744 13.576113533977654 13.529225437263044 3.0
51.08897173596983 248.37335386497426 256.4533718281162 48.0
56.58877803981168 269.8434835497158 216.2806249106878 36.0
51.241024006173014 225.23259355300115 184.37271636249125 22.0
54.48485443938855 88.90928878494402 53.08940238865165 9.0
51.38206129701013 246.48243315924387 173.9213379578716 24.0
51.09893426956265 263.21680571865005 244.10860625249768 50.0
59.75181370496722 182.4468142060672 117.41793357168535 16.0
37.896040949284725 6.754535371731398 4.079735394629505 3.0
30.0 0.0 0.0 1.0
48.582736224133285 251.64885128003272 186.75022360023053 26.0
53.94240787945705 228.08465597929043 201.96067444317327 26.0
53.51337698959666 106.89336583463664 56.938394639070445 11.0
66.66367166529027 128.54681411434507 78.6285124896721 14.0
52.33175162931737 277.3441416218512 207.60187388587772 31.0
56.01407150761222 254.85025930699283 245.38386895061325 48.0
57.47157364443456 258.55542216581796 214.82849611128375 31.0
55.470556332846655 140.30314712568446 127.30840096984856 16.0
62.89081086225523 150.64553888505492 126.74885297421307 18.0
49.95062005910851 241.43429907571343 173.51881603759477 23.0
46.05838930867198 264.5417004456126 248.65772550881582 42.0
54.44234164381261 255.1329681250043 229.95980801652652 33.0
48.79483512717214 247.9883246972762 235.10631953943374 33.0
51.031250816915446 286.2635870547641 217.75003446140207 49.0
53.55182769622184 286.6720793698443 215.03730590587196 38.0
50.09570090538914 219.81639054202685 192.965740612335 23.0
55.68404999982461 269.2551516783019 196.21911315502624 30.0
53.86413112559767 254.4693712497339 200.24915590391302 26.0
56.275482293329986 204.91090745531096 169.29694898284714 21.0
42.137896154662805 26.761578721664424 23.013261435948102 5.0
55.00375989165079 286.3305345795047 205.83518614464012 41.0
49.67186805731561 271.9103270339609 244.0937422704465 49.0
52.54064818168554 254.63961438805376 174.83852355273862 25.0
52.55959995511455 181.88762306458437 143.51939520453013 19.0
50.900954650402554 252.22424887530235 255.6189210258207 49.0
41.763273398379226 23.521854171875283 22.701939637689165 5.0
48.873246131827365 51.846113344860704 30.846283446064472 8.0
54.3505577920069 245.82724330835353 212.25626479684814 29.0
52.33825507146858 275.54939263012267 234.30531043147658 47.0
57.667157063944764 280.63476713731876 207.05200860914573 36.0
51.235307216124774 43.85340517025482 43.72590503652531 8.0
38.11333118817084 16.066397569470343 12.25484049764345 3.0
50.73093314358461 261.15392226392856 208.38979178010675 27.0
48.73636653600452 50.03125526409198 55.4705957471744 8.0
59.32830166632007 131.76804935994326 123.71320068722173 16.0
48.623710111041476 270.55344357533556 232.779981157325 34.0
65.53105749280246 183.48027322406833 122.45623011235396 18.0
49.29572060677914 268.64051320513715 246.08636439148157 40.0
37.55979174141413 10.939927213815624 13.829930542857873 3.0
51.29200122507827 278.4616735334933 216.49895169108086 48.0
48.33934160999343 255.9729728358745 230.44146893075384 28.0
57.37244472610302 246.23027444228637 259.56854621669373 50.0
59.12085308189644 146.7556100582844 111.97247930926439 15.0
48.514032586642735 265.9906266324409 251.69325245773098 40.0
37.031306975795964 15.618106681516151 13.570815215153662 3.0
52.28259325271492 232.00421363804054 209.0517083932653 26.0
53.760027217147844 71.32790484067804 45.83990610251661 9.0
52.87732248507421 285.02735581408535 221.72182105066474 40.0
61.79382900693526 253.85018689113738 196.37986316203876 27.0
56.38168193245546 271.54527408841574 220.59958631704063 37.0
60.93040944823091 225.4778326196048 170.41415707660693 23.0
58.693201821143525 288.657930208094 173.80460295991546 28.0
47.54768380593973 265.1726106017131 258.13816875859146 46.0
49.51826147434527 263.9355293253994 228.40316518359973 37.0
37.007889058743345 4.68216093664512 15.523588913940996 3.0
60.39947434726423 235.909995981037 147.5575513845385 20.0
52.37214906099595 267.9383465169488 231.00072353725028 35.0
50.60163665887295 252.77708770497006 237.94758718634088 32.0
55.047031857541405 156.67032927548715 136.58766948655276 18.0
60.98512087896936 135.7330522411099 105.96872981681113 17.0
65.79611485743362 198.7405431882099 132.00600780588053 19.0
48.87980197328806 265.93330867887215 243.91529487460303 38.0
57.75920944946717 277.19442918738287 233.67193456472114 46.0
47.57703744709112 137.45070109534714 107.86405290125563 13.0
52.3782346368079 198.05739344264256 155.92138984948025 20.0
55.431779826485744 260.11651088459035 249.7377236409946 50.0
55.087202645184064 247.76851596296444 259.93862855979916 46.0
59.79641988286306 272.13644264707847 207.7177401488356 37.0
51.241024006173014 225.23259355300115 184.37271636249125 22.0
46.596485358993604 265.73775488046806 247.20897434316464 47.0
60.485975560329194 247.43030065293158 237.14482500315864 39.0
58.515677321048194 284.4284713588597 227.62195271672397 43.0
57.567048516808214 195.32580711724893 138.50726554748766 18.0
50.82486333325278 269.5777385398213 212.89635352955236 35.0
57.34966032864657 210.55774884829822 169.90935701704007 22.0
65.79611485743362 198.7405431882099 132.00600780588053 19.0
57.061896234703404 263.29249049386755 247.87929857314165 42.0
51.82435468366722 254.32532608707234 248.36280166994317 43.0
48.01388936009054 270.2873795669392 260.66539890763335 46.0
60.375694130198674 125.38339802334693 96.56950589091467 16.0
56.9046355798147 261.96825426596627 240.24974171354947 38.0
30.0 0.0 0.0 1.0
54.17229977200166 153.5656565999565 100.07932284715106 16.0
51.29799423486891 268.8592536518705 241.44801188697858 49.0
51.93314796927159 275.8628085016278 231.12450302821074 50.0
52.5924774095345 256.7452753915833 233.99405323412094 33.0
57.282585297403074 229.39673354675972 182.80056608770252 24.0
61.75780663715062 265.86856270220807 200.0955891087485 31.0
34.109021739130434 7.255387730826879 2.8661062649119695 2.0
51.41328097390437 82.78894957111154 45.24290044892835 9.0
56.41753321726696 117.56641641630517 81.88575147615624 14.0
55.431779826485744 260.11651088459035 249.7377236409946 50.0
54.253118899387786 90.00962607441102 60.900220907855854 11.0
55.92564709396638 274.6105370271027 233.5218198921993 45.0
51.48161914662579 281.77302187797915 213.7831063428098 47.0
58.41037567145816 261.21996109968075 247.85638028041686 49.0
59.57670383162291 274.9818581521179 205.93306815156095 38.0
42.54829648785782 20.6003052127593 21.506747108904715 5.0
53.77994658914783 73.68287319436408 51.282291221260394 10.0
57.59763316989624 247.72891934818364 253.84352523014883 49.0
45.276676450693394 81.56523766962702 64.68996080551561 9.0
52.760692692674546 274.5904776026445 232.36974219960743 48.0
58.17512262140849 142.76378649119854 108.59473028310785 16.0
50.3517700921631 282.8413791310552 208.05199258131344 34.0
49.91439622140447 222.72755924830287 186.5382372616941 23.0
60.22626124474086 219.9721146219172 197.72688153650716 25.0
47.66050416945852 36.50944414159576 30.822164942539075 6.0
56.395721830055265 54.46754799050088 69.57861184522119 12.0
30.0 0.0 0.0 1.0
59.39698061975242 272.42763473443443 194.37501388112082 29.0
47.01544165940434 260.6564779244492 246.2178916277689 37.0
60.305271962254565 251.6277516528909 238.74023149914512 36.0
52.66358249577354 197.07248447544822 154.77941002963806 20.0
62.73501343487466 175.18283570299732 125.37558871807323 18.0
59.87680818063011 241.50932934600516 194.7615563469064 27.0
49.63412515519322 267.4655791890451 245.96495408941726 49.0
64.55198989709424 153.0088464653199 95.99115245444176 16.0
61.660633609376056 249.5901200905192 218.9062227130093 30.0
49.07911790354834 275.4658002904565 200.42819888234717 29.0
52.86520499169925 89.56921509008932 73.5094865133427 12.0
48.743590459200014 272.89371574862565 229.63194305395444 35.0
65.9402416935471 239.67483244041637 170.73516036252576 25.0
49.86298785581791 203.9918793672134 159.07148221934207 19.0
49.681388148119055 54.038610358780204 35.361509959443836 8.0
51.39307682990112 264.67141092571245 239.2781676974793 40.0
60.476789177363614 236.34458197963528 191.62614238406712 26.0
55.159604610512595 261.83265842899135 264.34286417097104 50.0
48.10187640849895 285.4374410015658 203.475484401155 34.0
58.41047891472483 124.5898780093605 89.52775726984527 14.0
53.357238530903416 185.8730810968355 109.7012010569723 17.0
45.0474473890454 247.39441974018973 282.67141400532057 48.0
52.01120263756179 254.329739881387 241.8663919974542 42.0
52.149746653292695 277.5755345318249 213.932864010932 32.0
50.849161668901736 260.27616123884394 256.17189194163075 46.0
49.82419909268207 269.7193003440841 240.54122236641524 48.0
50.09526936502385 255.47472958205003 253.42224566007152 38.0
52.44872960600957 229.47561077285184 205.42906099385328 24.0
48.09886899777798 111.82891857972257 92.25177044050966 12.0
64.55090409972645 248.21056476138477 232.22046717497994 44.0
62.35889614838615 211.01966158323097 142.58834094339164 20.0
30.0 0.0 0.0 1.0
66.37163711562371 259.0375389510981 205.38812383448646 37.0
52.19070878397414 218.09926810992536 194.4536484183683 22.0
59.19984834293365 272.6980892105098 200.85010111618854 30.0
50.30474769758925 233.43399754108242 175.3474053936289 22.0
62.70506080128129 254.44395579439143 189.12244171198975 30.0
51.35061408838077 218.6308169152249 148.74432581079012 18.0
53.20346340883357 285.7417301179093 193.16312304913737 38.0
54.95031185867015 267.27157976043486 246.97064309303525 49.0
36.7444588333263 11.645787448416254 16.22056866437326 3.0
55.43652469445291 146.59691822979934 89.75477026209884 13.0
53.60874956389822 166.91087724739813 119.75154808453017 17.0
58.16709441973085 264.27558711557367 251.05622465737852 50.0
57.02031535407456 226.235089686113 151.28127919809904 20.0
55.017761959442474 171.44777747308572 141.13341740268567 17.0
50.33902406781021 265.08021931921803 248.60877739345108 46.0
59.39698061975242 272.42763473443443 194.37501388112082 29.0
59.32778094548641 185.92103710794268 137.27039527704974 19.0
51.354852890549594 44.86641625577016 39.794375422961025 8.0
53.92284576974139 287.0102279269348 220.4025461589074 45.0
61.899099317619445 171.83154818746556 144.729609654967 19.0
53.528536759854084 246.84850605701968 198.75921462765484 28.0
46.212715358848186 275.4739294986104 234.54688665953447 46.0
48.56579037482127 271.06745371887456 231.0548564876511 36.0
56.42861674456576 266.1127929594501 190.22895989830258 27.0
53.90441821728172 210.79027664046566 184.18688601158263 23.0
59.86590123624739 260.5930622442068 236.95411737181723 43.0
41.601651457445044 14.603062529455414 14.133609586154531 4.0
56.53390315518188 281.12346066076907 209.94555134188403 41.0
50.655096416300225 264.80670977474267 235.55474574208978 40.0
51.08590626844845 259.93146718059955 188.74870600931166 27.0
55.39183906091369 217.11934556890796 179.14671483073872 23.0
52.45956613204225 261.4282797177315 231.62470158820315 43.0
48.2121514819295 253.6510416144302 189.45350853811505 23.0
41.97122175693121 29.313915184575215 44.610985239830775 6.0
57.24681274944156 188.15486329875364 152.98297648445094 20.0
48.71757494090031 262.55382543735715 279.1697469999333 45.0
55.8211183159061 291.3502037271436 204.93816790831892 41.0
61.31579586589618 260.30790436719457 241.34359151124264 45.0
34.109021739130434 7.88890578251338 9.455675897700083 2.0
42.89662784688897 31.28255661247029 32.67319287231428 6.0
53.19433668152697 141.1674637759526 119.40205056168001 15.0
54.09109749408344 265.7252534968264 244.7828919002776 48.0
68.90607328422 226.51563083584728 152.768222991801 22.0
47.7128578274122 260.19351392990495 260.87727884617766 47.0
59.456725175317935 89.88929277278997 94.88590750706872 15.0
63.00487719299941 256.6482614339403 241.91376933680206 50.0
54.15347986737547 174.74711667110978 124.16620533976969 17.0
40.95459641906919 14.194274179832941 8.521473023374686 4.0
62.74700099852377 254.71818774702905 191.77934850193668 27.0
52.76855455157805 242.38805637062305 263.20283042320773 43.0
55.46109252069566 102.04692900606014 79.9757083934111 12.0
50.53483222976172 93.93015488585907 90.01478859018577 13.0
56.561213345848266 285.6900450545736 221.32301447352427 42.0
62.76864123739529 218.07451562248193 174.21875145393682 23.0
57.75595952042838 152.66466202650884 92.16724743116333 16.0
57.42482812405091 298.1573443666578 189.76745547333778 34.0
59.91265718893491 273.1553808030666 184.12937323739655 29.0
61.13009554726051 267.433146786053 201.89133693103815 34.0
55.34330561618768 273.63335452907637 204.44010571173652 33.0
54.17229977200166 153.5656565999565 100.07932284715106 16.0
68.51365402520759 252.48378884005558 171.26964748468592 27.0
53.524359276369694 223.1933606333188 156.12879698755972 20.0
53.524359276369694 223.1933606333188 156.12879698755972 20.0
53.15949107875064 286.0576019106477 216.19547138134848 50.0
49.44318383954745 266.19632562876683 252.00775960319646 50.0
61.022188774315126 220.04067268163868 142.09406730419659 19.0
55.51038031335333 144.02303547624868 126.6929588302931 16.0
34.109021739130434 5.940302440284744 1.884935059249493 2.0
60.6783337003562 236.14569157443154 188.56522540071106 26.0
62.76723281760535 244.19163721641956 217.5698335409968 33.0
50.03150152684165 38.74872139299593 25.634225669341937 7.0
50.655096416300225 264.80670977474267 235.55474574208978 40.0
51.732670997871075 94.20427205107923 98.41732139787422 13.0
47.84966839564563 257.2344216165386 210.5743309413906 26.0
56.81252523357516 253.53773171831523 198.68744512847547 28.0
49.9177121949743 150.97037253362927 144.2991540931873 17.0
57.82274843067613 108.54493254509002 79.37697309949743 13.0
56.90893780565413 86.99283766654042 84.56744276259745 12.0
60.38328136353975 198.9696259636267 177.16968310104377 22.0
62.13754456605811 243.54028949097565 235.90790684693704 36.0
61.3848410959335 132.83043544100985 97.2416773653091 15.0
55.68404999982461 269.2551516783019 196.21911315502624 30.0
48.130512851466065 284.44399613166433 224.90370550934958 46.0
48.401496515131434 221.19521385872028 170.75761741957584 20.0
49.5757302915202 67.28786109157113 72.19257657275777 10.0
53.10912529512382 249.8149303553497 175.68776705527597 25.0
55.20281577177457 239.64765570473273 190.0054840402436 24.0
46.02509430379918 272.4814917563645 236.90097009794704 38.0
50.744833992374105 260.5036400906797 242.4259569436621 43.0
53.68843945730768 138.86991053084225 93.63091338565764 15.0
50.70727755700123 258.9156796733409 198.78767682644315 26.0
59.91265718893491 273.1553808030666 184.12937323739655 29.0
52.46991785713594 142.72722397391507 103.6478568002975 14.0
57.08747288206318 276.6135198686802 226.14685548929057 49.0
58.66232823155898 264.1578151600047 250.30188345025388 48.0
58.52115225981297 265.34932039776686 233.33734140228756 37.0
53.760027217147844 71.32790484067804 45.83990610251661 9.0
53.77061843127813 290.31957733274623 216.54021733418352 37.0
52.90007596717623 142.22620001350998 102.87576146613664 15.0
50.65005539040534 263.627275999093 252.81095447319345 47.0
51.36861022752812 156.92707101166854 107.38946513183107 15.0
61.45247371231093 254.58774313743805 217.6398963380086 31.0
41.788918144573756 35.742143502246364 35.52569384451182 6.0
50.9042517676611 253.87874325437642 243.97263992234826 49.0
51.63615508109851 262.98869421822286 245.38169586000825 42.0
49.97847257648255 210.67288756030686 170.8433677801108 21.0
60.53952885430336 252.92116919007466 238.3530303797086 35.0
62.35415278862361 240.85676948326366 231.74076265907837 35.0
53.7851310652668 124.85010239159001 123.50311648343472 16.0
49.894624519106465 255.879431754795 243.94389420472308 36.0
55.49201913729935 264.4632128975209 225.18347780539412 33.0
60.70283795228058 181.6188825392596 144.2792098555479 19.0
46.22787844248133 64.25683082222392 60.764218962468725 9.0
37.82364704895589 10.311868754402576 12.665433541860317 3.0
55.811737230115405 191.38692657342898 148.96018126222626 18.0
34.109021739130434 8.996101797126094 2.424125738070164 2.0
46.074177254281246 266.0365803192459 264.43952535743875 50.0
49.09055616531641 280.8027110871048 227.4239409838753 43.0
49.399596321707165 245.35054951020172 208.75486823846308 28.0
50.48333589471136 240.03363039419605 261.57304477625763 44.0
58.41047891472483 124.5898780093605 89.52775726984527 14.0
62.817494921508654 123.3681973509953 75.39519147050603 14.0
44.12597342329579 22.256691647814364 19.642254194214367 5.0
66.07358612513406 223.92434094161067 154.75806349193047 22.0
56.7856397459612 250.66277777540495 250.5434329486635 43.0
54.206525559584094 142.37181250584715 124.55163959979483 18.0
62.37725724757743 266.9388748034551 243.46351938453188 41.0
47.22420885282116 275.2579990054008 226.70463376439014 35.0
55.64895856427894 91.02284373424587 64.36004657442282 11.0
47.502890517880445 242.8349039985402 265.4215304335447 50.0
51.583757326792735 277.78078760956464 207.10109852313684 32.0
52.828460858668436 55.203541293259384 47.98859193216524 9.0
62.01074394906893 244.0122069185519 216.3965830906455 29.0
46.89217513920508 249.73638868785613 248.07817148947373 37.0
55.635202720527445 273.91039908860597 231.7015026682526 46.0
46.768609337387545 268.4122828185752 242.46938595872479 46.0
51.49407633172289 266.9039960199173 239.27491980564645 48.0
54.49751332889998 199.365771366303 144.55916204353403 19.0
49.93175739948226 195.61145918252038 152.57825636935632 19.0
60.40207803598334 73.96001247366917 40.3788675483138 10.0
59.456725175317935 89.88929277278997 94.88590750706872 15.0
56.064903612943986 294.34764774797014 190.6226510737281 36.0
38.69970647214719 18.963076646296606 25.694345287585467 4.0
54.363465535147014 263.88438600428213 235.53948468204257 46.0
53.1181092177704 261.44984069792577 185.49498027769098 26.0
52.66031437545601 257.867677099642 249.63568999566186 47.0
39.35884956864121 15.581172690131478 21.495809154782105 4.0
47.409610191639175 108.7053994284571 90.05506991943163 12.0
58.02235037572566 268.6393722191186 204.740967461255 34.0
42.513686612712625 14.324224344541571 37.54384834754202 6.0
30.0 0.0 0.0 1.0
48.278882804075174 84.68165329088752 67.60081177887743 10.0
49.115584977384366 218.69388368766676 178.38816477261955 21.0
37.82364704895589 10.311868754402576 12.665433541860317 3.0
62.90602935308367 251.75551699340392 191.82471573279608 26.0
58.5085382958863 188.49291663951325 125.01259973307255 17.0
48.659105205134054 271.57006633628816 231.1554487961335 33.0
55.51040344638566 270.557659354125 202.25751940409106 31.0
55.98404958970322 275.63535100896956 214.81621611171943 33.0
54.050230611947505 263.6815236090014 205.69655238851226 32.0
55.53972544096693 242.2110147517039 267.27839567744354 48.0
57.9658306884365 118.72270040478243 91.25023601214919 13.0
44.25288516236007 251.73060023011115 259.7822105317841 49.0
47.712183050022816 256.6945048053756 211.85676172175275 27.0
50.60368322321765 253.07294882761926 246.85375334380566 33.0
47.409610191639175 108.7053994284571 90.05506991943163 12.0
59.275620142360644 282.32727773918566 196.83619269146791 32.0
60.14228590530097 134.0744768490635 99.90612017666503 16.0
51.7194299628566 300.41915804364237 189.60531391310278 37.0
53.66391719653538 250.2741356996193 241.59835068138432 36.0
59.149199602611695 258.04391553357397 150.7081944950876 24.0
47.7489671946962 39.39968928998462 18.349245137010882 6.0
58.16292677668178 281.889368819679 208.12074866796956 35.0
60.9152939027853 262.4039628300716 206.32863093451286 33.0
61.852453291083556 164.63503822601152 128.12255596859984 19.0
63.74568382362198 223.77094027348303 191.60188456066203 27.0
59.50085665430967 160.27202770217627 99.45795350797755 15.0
38.06420676874223 8.207431154359572 9.339905701554477 3.0
64.05941829941835 256.03473105659367 233.163652156831 46.0
48.29852645406744 242.5976672204545 183.0710295372872 22.0
61.91158823724691 246.48987421043648 242.8573424680202 37.0
58.59830877074682 218.3586883140333 156.0844625211557 21.0
56.079933185540895 265.35826857500894 212.4027287545944 30.0
50.21393989792064 271.924073371081 238.12029273253503 46.0
60.23971804383907 241.39263589578468 165.29876538001164 23.0
59.728805228948346 272.79123548617565 185.0963376729267 30.0
48.52960286217404 53.82802842840137 59.58800005758856 9.0
42.97098070638656 30.016093288612318 22.07863388666876 5.0
47.251216539898095 292.08664568793114 217.34634837544237 39.0
58.50403150301989 290.94960591947773 178.04182499483568 29.0
42.37668951180563 13.368078651541996 17.302487178751548 5.0
60.553823573470325 266.3622721616826 219.34567207870535 33.0
53.864145222805966 259.30999180571297 233.97868223367058 41.0
50.062590114582704 255.82595719093777 261.8874146723713 50.0
52.52370694075768 258.72788176919465 233.81316554525606 40.0
50.70003134468965 153.77588898926135 144.32597315794158 18.0
45.1484282284462 57.76492157131669 55.60130173312057 8.0
48.224473815549 80.50503481824181 62.26972081485026 10.0
52.1640938475847 119.22779498033859 102.97768446147886 14.0
43.90863252353844 36.26759153269733 40.76516224687944 7.0
58.25427600246057 271.03251599435174 231.4690207963781 47.0
46.95590859886746 255.83372822776582 259.62651380065114 44.0
48.626770490587084 109.22491264999782 85.93553377071407 12.0
53.70065773002395 251.3375623369521 222.11147673232966 31.0
53.53048991022813 271.93454903230315 209.9181789834179 30.0
51.010175799796826 257.7048619479672 242.3451900738795 42.0
62.3193628448003 184.5963656784706 148.8448847849444 21.0
37.396847155789864 6.850202724294636 7.79797947520921 3.0
62.16921006344447 263.1659675432912 205.04591341042092 30.0
52.100926107041296 269.66625904123765 223.5146376474935 37.0
51.82085929390543 263.0675780958615 248.52998258126374 44.0
44.69541483378563 55.62850219523178 45.02353463971065 7.0
51.961453431485765 274.19785188648626 218.14720171825775 33.0
51.85673937506522 254.2944779400966 248.69204077509963 44.0
52.13100100580615 269.4912253043526 231.14601724786488 48.0
52.22249839512592 254.43294436878955 249.430879090487 39.0
53.33553483366654 252.40474808683095 171.7129708850809 24.0
54.10283526131434 215.13578509056393 192.33249275994365 24.0
50.92016718521042 241.69755104801413 185.68991134446313 24.0
41.31819488183962 24.856647526542282 28.16482743493562 5.0
57.9625066513129 278.34393571880815 218.72371832928135 39.0
56.372329625015134 279.00064628544914 229.32276208393873 43.0
37.007889058743345 4.68216093664512 15.523588913940996 3.0
51.83988045688007 243.79819471889283 181.4479385270841 24.0
48.44311044783628 264.51937236522537 238.85171909742272 37.0
50.70822163939004 270.43536284974925 227.48193599769874 35.0
59.22978121498308 275.47586601394795 222.51661875427146 33.0
49.99833212768746 252.50892344099762 255.76354356484524 40.0
56.586611631255245 263.7146516105565 248.97986846367016 44.0
30.0 0.0 0.0 1.0
50.69244923578133 280.0594456735442 204.19708160950884 32.0
53.200619462919626 269.1394345517254 211.85175778356736 31.0
57.64959756858651 283.473747898792 185.64495555685582 31.0
49.87109378417332 238.59706460968243 268.1898951365439 49.0
43.96836662815745 17.75021849206383 39.2272159656973 7.0
50.158462086083304 49.25861988002334 31.894804255836263 7.0
48.34958146762848 262.8960550571024 249.79295067995568 45.0
59.38868441182969 260.12321197192557 239.68153346590427 45.0
57.063223000884804 286.8980721581302 192.29429460263955 31.0
53.054555848026865 295.34801471426283 173.51323803153983 30.0
55.646098540455384 290.0794674027429 199.6684010715127 38.0
58.76988845170267 283.22974433335133 225.45751085868739 42.0
49.073584830900955 73.90130513258148 74.47657443546113 11.0
62.01258444124621 227.24083826665313 208.6109662570743 31.0
47.03178894260217 261.2365547846258 253.67971719918478 47.0
55.25919089097181 189.51837886410593 155.51210105386156 19.0
41.2371221881928 22.431517782509204 20.356468865413415 4.0
46.659922459007305 256.39728552935463 257.2210930608676 49.0
48.92174914540163 263.95653690685225 275.38727168436446 44.0
41.21328135445385 16.051728712131805 26.027077801081607 5.0
47.01544165940434 260.6564779244492 246.2178916277689 37.0
48.98965635342125 269.5702352296314 195.07205823460882 28.0
53.31743288635312 73.97411250716776 54.403713677583994 10.0
66.30221729168805 275.18327957102395 214.84355589686922 42.0
55.95879295111327 272.38803754192696 212.1149540454427 33.0
55.49098705216262 222.11985788880557 188.23331834228807 24.0
51.2572892670736 259.35024177962345 249.92036109956263 40.0
52.851647577649 260.9716311278877 234.30287128134768 43.0
58.768474934247465 273.2615492827972 199.35177053975582 32.0
50.17153696594639 78.63241026727509 55.76567186474643 10.0
55.48014844413888 70.48662587847247 62.393740901195535 11.0
51.19773729782445 124.6229368809221 115.47364764006132 14.0
48.73375152489523 232.49875317661648 211.7421226094156 25.0
55.95879295111327 272.38803754192696 212.1149540454427 33.0
62.0406311061361 152.37106629637924 121.06382806977201 17.0
59.02924281151693 276.17094515900453 226.0418056402408 43.0
61.724850348084274 137.24471062976878 135.93327234574596 19.0
50.56422132322225 60.17136646816141 69.20474076585693 11.0
39.28830235132975 15.314591329384232 16.56763760209524 4.0
59.628914338059005 242.72061179376442 238.9868528993111 39.0
53.71529613491669 163.72793900711497 133.12997345550627 17.0
52.259490375191426 258.1885458490901 251.23836848695592 49.0
62.300513573760355 234.3773183349969 183.71485752574816 25.0
53.85245780182747 216.007341340488 187.53164809411933 24.0
37.637862906185326 15.136548615805395 13.069902381343535 3.0
51.92622913066594 262.0201791242122 186.56608198104374 26.0
40.89264657715363 15.4644879062211 33.09760811172745 5.0
55.08133757425197 267.9926319870418 229.73720960012065 35.0
50.1441127790467 268.0307772148523 247.047947824068 47.0
53.31743288635312 73.97411250716776 54.403713677583994 10.0
54.22820252066781 226.21698585336142 159.94909508459108 22.0
57.456358026397254 287.13982150262353 177.78939755885636 29.0
57.40930209559545 159.99518503580072 86.19767949057515 15.0
40.49168380029898 15.0319942767061 12.555044568622549 4.0
40.69628996781582 15.82249723506249 20.90607443913219 4.0
58.418162377967406 276.24012729271305 188.20925384696588 29.0
30.0 0.0 0.0 1.0
55.37983399314893 118.2753902311924 82.52899342138116 13.0
47.9651591087831 58.50706274930698 52.68222229599589 8.0
58.28739140369328 260.79986260598395 238.87980918837295 38.0
51.489952220603904 161.38502196616275 121.4347856510729 16.0
39.764991021935266 22.911840636825985 23.954237025726954 4.0
48.28563756117154 129.86732498481723 109.681527043026 14.0
53.94263565315268 258.5847213867886 253.69944588994025 50.0
55.52218529605442 295.73016661820725 207.88557955496447 38.0
34.109021739130434 9.92913804086735 2.9713250005728087 2.0
52.05785486669367 244.94659151338917 203.4615765632168 27.0
38.6793354458683 1.919567164616052 7.052957583688496 3.0
70.35104515921121 238.11169120150817 151.80654279369818 24.0
62.971101762297224 190.47537816555322 151.77653758898845 21.0
48.844077472777016 87.78000851988884 72.42682884775468 11.0
52.51254788276719 302.6956214713838 189.74541541623128 33.0
49.05204465077259 52.86867104139317 27.99913839595112 7.0
46.88749509137927 272.4238230693333 228.95561109669742 37.0
54.32727559259213 287.33705729635477 213.93137488375817 48.0
49.79596928805275 192.4355268932808 146.07565694969202 18.0
50.728586503733304 71.39027985758597 41.8586689397534 9.0
50.87197172535864 220.4308041137114 208.50536484901545 26.0
65.73924198552095 278.1594245247105 219.93225609612503 44.0
45.31492356731337 39.744410559202144 39.4328357352474 7.0
53.32026850455601 148.83200870323432 124.83117484881626 17.0
62.51782010198722 183.7366010225783 140.5585750338713 19.0
43.41909274437884 42.11045797195251 40.09489071633848 6.0
51.03308554893404 280.0894965859225 212.88191316540838 35.0
47.43798075544802 272.0057773103595 262.5770628604296 49.0
54.05708255027817 101.03375469717832 73.40568193768867 12.0
52.75494251577835 275.5702427990815 229.53825588604892 45.0
37.402722091712334 8.998260173465125 8.18115605308327 3.0
59.25546481944988 242.3095378810075 182.2983107220299 26.0
49.11884909570364 256.9827986924896 183.67490629031016 26.0
47.40010030231905 278.773075886079 220.1633342077407 50.0
63.09481271768782 95.94969521220476 64.67680373545825 12.0
52.84002944929411 267.15040007379264 193.14286116193747 28.0
57.043707124948746 292.50382522045214 194.90030909934987 34.0
40.750976895777185 18.08828800424438 18.462428603157036 4.0
52.13536206857901 264.70701403429973 223.05435679035415 36.0
48.984060913954515 261.75432095629117 218.7731199856122 31.0
52.307743769080446 257.0248772738038 241.25017333318513 35.0
48.160738820608465 58.118907819651085 48.4668751903576 9.0
51.48161914662579 281.77302187797915 213.7831063428098 47.0
46.66291423157608 263.32896886490164 234.14593511763832 34.0
50.85053453734354 245.91751417695158 262.41847837531867 48.0
50.239957489617986 244.69809210888678 264.52340637471417 47.0
57.240566356338775 209.9299185829357 158.95145240496802 20.0
49.75411127918557 262.94781444273127 251.76099568184296 49.0
47.250367015187074 70.02837410471957 57.97093232105067 9.0
55.409596205741856 224.42929942736336 196.1450392559474 25.0
53.28467033625919 282.54797322152706 214.64255393167787 38.0
52.3168892600692 112.28213946178816 95.90446638508266 14.0
61.32748796905421 240.77106511714186 226.35360321011578 35.0
59.16498900027655 183.68289612239712 125.09084963522186 18.0
58.29841643007969 271.93424552407265 202.11084770086046 33.0
53.90142695114214 66.1908189430892 56.410209128836364 9.0
66.66367166529027 128.54681411434507 78.6285124896721 14.0
40.85882061189552 10.993168219208238 29.903557938286724 5.0
30.0 0.0 0.0 1.0
58.55001642540619 157.40126823286607 114.13224273897916 16.0
58.6722784755073 141.7937153860254 101.06259179271126 15.0
49.601344559347034 270.26621842314484 232.0044558931073 33.0
58.67950072568716 244.0531418042767 275.7271906306499 50.0
37.24027687972729 13.309023088928347 7.734024190591562 3.0
54.78107843646855 147.61420698309436 125.5765332784064 17.0
53.36436545907514 282.43083778843146 216.25428747994673 49.0
51.397270945265454 201.18991863097236 143.85094814229453 19.0
47.911934331551535 52.856599707207785 53.16180575352775 9.0
55.20696150393676 93.06616162791505 54.7898027403975 10.0
53.35767604156396 251.48184912272086 231.45910178299684 35.0
30.0 0.0 0.0 1.0
57.567048516808214 195.32580711724893 138.50726554748766 18.0
38.06420676874223 8.207431154359572 9.339905701554477 3.0
51.047696939836776 259.5129172099203 254.9478082378911 45.0
51.09893426956265 263.21680571865005 244.10860625249768 50.0
