6.875075083557944 0.09728174303695436
3.7515687546350573 0.11388092047310616
1.4289148906361437 8.043090662235961
9.224881985543847 0.2524104992285703
0.5503528677300906 9.519655834223961
9.808842300158027 0.16458481623585097
7.769568453958162 0.3905285820202198
8.470624732602081 0.3218310732600904
0.7144838397046294 0.25312140934501626
9.224881985543847 0.2524104992285703
6.680320316232842 0.02180239174998544
9.957540181999669 0.004666388587071246
9.469701907294404 0.591356433419874
9.469701907294404 0.591356433419874
9.16839309926678 0.44463640939318205
9.957540181999669 0.004666388587071246
6.874893025882578 0.09019188030649161
9.315631894927739 0.6848694190037818
9.16839309926678 0.44463640939318205
9.469701907294404 0.591356433419874
8.189312850273636 0.8326375940413677
8.642700650505596 0.15395291477869444
9.742529721397277 0.8765689306890656
9.014592396198617 1.0486029902856941
8.470624732602081 0.3218310732600904
9.808842300158027 0.16458481623585097
8.642700650505596 0.15395291477869444
9.014592396198617 1.0486029902856941
0.007941991089162048 9.813080755336
0.22393707099238602 8.084492619223214
0.5601759980004739 7.391380603017659
0.007941991089162048 9.813080755336
9.497651664755583 9.590854043082313
9.043401695269782 9.87623015737455
9.964643639002341 6.447622550073091
8.892822318726747 8.715023547302751
9.944812099302087 7.71148167298109
9.947378166512074 9.403992975116743
9.565039738629412 6.860136442250491
9.743368927947794 2.9442681713330865
9.652931918042142 1.1523935567996046
9.58255744803749 0.7906763004624962
9.977663117910769 3.6791485530667134
9.603661795824575 8.971695078681815
9.404088666514006 9.810376316162795
9.01124428964003 9.836423131474586
0.20595555002257182 8.840716655810038
0.12608478777734522 6.678713694969782
0.2008003032465977 4.544820043790699
0.0784529138485679 8.123555286412657
6.680320316232842 0.02180239174998544
0.1342883384134308 8.228183808123262
0.4873832369196984 9.728653422577567
1.7626775091231583 9.156082985329157
0.033308869224486504 8.943940080613997
1.040626226636343 8.583798264544471
9.16839309926678 0.44463640939318205
9.957540181999669 0.004666388587071246
9.674609398855452 1.3583215968439388
7.2239708614312015 0.5167115066239969
8.000238737665288 0.3638681801953103
0.38078987961443156 9.64324704905739
9.957540181999669 0.004666388587071246
0.055550732456857155 9.135273927513435
0.4873832369196984 9.728653422577567
0.8903037012679493 9.228645275222044
0.28775512503776524 8.17491064982628
1.601315483097383 9.571845243307171
1.1526001222500026 9.925680198063219
0.20595555002257182 8.840716655810038
0.20595555002257182 8.840716655810038
0.13956206242233815 8.902895438109088
0.9343915514379697 7.861172203911105
0.11441306878324342 8.13214042826737
0.4493018634249446 9.86164574874812
0.5503528677300906 9.519655834223961
0.42408444164072634 6.560371834631155
0.28775512503776524 8.17491064982628
0.36398850436987207 7.215213314500368
0.5503528677300906 9.519655834223961
0.4873832369196984 9.728653422577567
0.0784529138485679 8.123555286412657
0.007941991089162048 9.813080755336
0.6950134967393851 9.328502184248638
0.4493018634249446 9.86164574874812
0.1342883384134308 8.228183808123262
0.18395734099474703 6.1015685773099415
0.11441306878324342 8.13214042826737
0.5503528677300906 9.519655834223961
0.12608478777734522 6.678713694969782
0.11441306878324342 8.13214042826737
9.81825202166556 9.131235325131765
0.033308869224486504 8.943940080613997
8.41837254760598 9.784949228280183
9.762765945517845 8.944190061060892
9.67594691151059 9.67694059786988
9.01124428964003 9.836423131474586
9.60769176287699 9.675592504914034
9.67594691151059 9.67694059786988
9.603661795824575 8.971695078681815
6.680320316232842 0.02180239174998544
0.5601759980004739 7.391380603017659
0.38078987961443156 9.64324704905739
0.033308869224486504 8.943940080613997
0.4272485905235035 8.75585343854754
0.5757033133651124 7.140344879537728
2.241293112943481 9.539253200085918
0.5403294063146724 9.192170228245507
0.46782747359789933 8.999957759822475
8.642700650505596 0.15395291477869444
1.0119798034689098 8.519598427365583
9.224881985543847 0.2524104992285703
0.20595555002257182 8.840716655810038
0.4272485905235035 8.75585343854754
0.4873832369196984 9.728653422577567
0.24840741680964173 7.353184002622215
0.7460973414451844 8.748334858605267
0.055550732456857155 9.135273927513435
0.46782747359789933 8.999957759822475
0.007941991089162048 9.813080755336
0.20595555002257182 8.840716655810038
1.0119798034689098 8.519598427365583
0.11441306878324342 8.13214042826737
0.46782747359789933 8.999957759822475
0.4873832369196984 9.728653422577567
0.04522989440432612 4.7944994567691746
0.22393707099238602 8.084492619223214
0.007941991089162048 9.813080755336
0.033308869224486504 8.943940080613997
0.17001429603381135 7.086863459318451
0.033308869224486504 8.943940080613997
0.055550732456857155 9.135273927513435
0.11441306878324342 8.13214042826737
9.977663117910769 3.6791485530667134
9.836143375529717 8.23722897627957
9.958682468574922 8.505787573415368
9.617356360563969 2.9512296169470242
9.965953861062513 9.869753850087227
0.8828396266975647 9.047046922917566
0.033308869224486504 8.943940080613997
0.38078987961443156 9.64324704905739
9.809539340639517 8.488151448241597
9.404088666514006 9.810376316162795
8.111653590020918 9.841450169144588
9.947378166512074 9.403992975116743
9.1286821611983 8.31636323989784
9.505762473323788 9.508005755664442
9.965953861062513 9.869753850087227
9.809539340639517 8.488151448241597
9.857095404569536 9.86698433009543
7.22583947676271 0.791450492331851
0.4873832369196984 9.728653422577567
0.9150303205323085 9.661155429200152
1.1526001222500026 9.925680198063219
0.4272485905235035 8.75585343854754
0.24840741680964173 7.353184002622215
0.5403294063146724 9.192170228245507
0.4493018634249446 9.86164574874812
0.8828396266975647 9.047046922917566
1.3179247326942911 9.626500453194058
2.129961820286983 9.254599365474963
0.4873832369196984 9.728653422577567
0.4873832369196984 9.728653422577567
0.13956206242233815 8.902895438109088
0.007941991089162048 9.813080755336
0.055550732456857155 9.135273927513435
1.426987159096349 9.882938333144835
0.7460973414451844 8.748334858605267
0.0784529138485679 8.123555286412657
0.055550732456857155 9.135273927513435
0.4873832369196984 9.728653422577567
0.5403294063146724 9.192170228245507
0.033308869224486504 8.943940080613997
0.5503528677300906 9.519655834223961
0.13956206242233815 8.902895438109088
0.4272485905235035 8.75585343854754
0.8903037012679493 9.228645275222044
0.8903037012679493 9.228645275222044
0.33953504760541264 5.133843427831337
0.033308869224486504 8.943940080613997
0.36398850436987207 7.215213314500368
0.38078987961443156 9.64324704905739
0.6950134967393851 9.328502184248638
0.0784529138485679 8.123555286412657
0.3916723993257798 8.182431528009516
0.11441306878324342 8.13214042826737
0.055550732456857155 9.135273927513435
0.0784529138485679 8.123555286412657
0.007941991089162048 9.813080755336
0.4873832369196984 9.728653422577567
0.055550732456857155 9.135273927513435
0.4873832369196984 9.728653422577567
1.4493080707856154 9.815501152414486
0.22393707099238602 8.084492619223214
0.1342883384134308 8.228183808123262
0.007941991089162048 9.813080755336
9.944812099302087 7.71148167298109
9.60769176287699 9.675592504914034
9.762765945517845 8.944190061060892
9.965953861062513 9.869753850087227
6.680320316232842 0.02180239174998544
0.4493018634249446 9.86164574874812
0.5738345841556081 0.4220125979255873
0.5503528677300906 9.519655834223961
9.224881985543847 0.2524104992285703
6.680320316232842 0.02180239174998544
5.807177392957781 0.07451464352946413
6.875075083557944 0.09728174303695436
8.838436746484922 0.5609296292653698
9.58255744803749 0.7906763004624962
6.874893025882578 0.09019188030649161
9.224881985543847 0.2524104992285703
9.957540181999669 0.004666388587071246
9.40354550321848 0.7563786581782539
9.742529721397277 0.8765689306890656
2.8582070722248876 0.0005579853213810715
9.580262012281597 1.7239011578617514
8.553269743496905 0.30920070330870075
9.808842300158027 0.16458481623585097
6.30136237565269 0.3088795864159688
6.875075083557944 0.09728174303695436
9.957540181999669 0.004666388587071246
7.356860979963729 0.995815198825114
6.874893025882578 0.09019188030649161
8.470624732602081 0.3218310732600904
6.180913123634424 0.1997410585713877
8.838436746484922 0.5609296292653698
8.838436746484922 0.5609296292653698
8.642700650505596 0.15395291477869444
8.470624732602081 0.3218310732600904
0.13956206242233815 8.902895438109088
0.12608478777734522 6.678713694969782
0.1342883384134308 8.228183808123262
0.7098834333177084 9.37713957250362
0.033308869224486504 8.943940080613997
0.033308869224486504 8.943940080613997
0.11441306878324342 8.13214042826737
0.5403294063146724 9.192170228245507
0.1342883384134308 8.228183808123262
0.13956206242233815 8.902895438109088
0.24840741680964173 7.353184002622215
0.24840741680964173 7.353184002622215
0.38078987961443156 9.64324704905739
0.033308869224486504 8.943940080613997
0.033308869224486504 8.943940080613997
0.4493018634249446 9.86164574874812
0.20595555002257182 8.840716655810038
0.033308869224486504 8.943940080613997
0.4272485905235035 8.75585343854754
0.7098834333177084 9.37713957250362
7.374505903159814 0.3235073854027881
0.4493018634249446 9.86164574874812
5.814144681084297 0.10718121905412659
6.874893025882578 0.09019188030649161
2.8582070722248876 0.0005579853213810715
7.208729245208135 0.16858562191033544
2.4682440663773053 0.12790036549556572
0.1273575792834447 0.13558800360799594
9.580262012281597 1.7239011578617514
0.46782747359789933 8.999957759822475
0.4873832369196984 9.728653422577567
9.40354550321848 0.7563786581782539
2.9542488934431677 0.16657070378296446
6.874893025882578 0.09019188030649161
8.642231440598847 0.9333122000439453
6.874893025882578 0.09019188030649161
3.6398175066649774 0.26413330556941395
6.236525754574995 0.12806096289895041
9.261161058742747 0.9195650903604191
9.40354550321848 0.7563786581782539
7.211556657196336 0.33473313191411114
8.634934334560057 1.150661012723957
9.40354550321848 0.7563786581782539
9.861839234394425 0.9530160469419169
9.742529721397277 0.8765689306890656
8.642700650505596 0.15395291477869444
8.081543876061858 0.770554656776774
9.51928763934081 2.215852385616115
8.642231440598847 0.9333122000439453
9.404088666514006 9.810376316162795
9.861839234394425 0.9530160469419169
9.580262012281597 1.7239011578617514
8.642700650505596 0.15395291477869444
9.67594691151059 9.67694059786988
9.497651664755583 9.590854043082313
9.269149855503523 8.660899755432666
9.965953861062513 9.869753850087227
9.784269139783365 7.0606268937793875
9.955571000850057 6.2922919842155185
9.943049589184321 9.252060836680752
9.765038720853411 9.448406289134006
9.857095404569536 9.86698433009543
7.203409570065162 9.933738737187356
9.765038720853411 9.448406289134006
9.980742142651964 1.9087692869213901
8.508457978100235 9.776084265499534
9.603661795824575 8.971695078681815
9.497651664755583 9.590854043082313
9.585876383704557 9.068412517343203
9.965953861062513 9.869753850087227
6.5899365626310225 0.19245102079167964
0.055550732456857155 9.135273927513435
0.20595555002257182 8.840716655810038
6.680320316232842 0.02180239174998544
5.598338986747091 0.2741326894808771
9.16839309926678 0.44463640939318205
9.315631894927739 0.6848694190037818
7.769568453958162 0.3905285820202198
9.808842300158027 0.16458481623585097
8.642700650505596 0.15395291477869444
9.58255744803749 0.7906763004624962
8.838436746484922 0.5609296292653698
9.861839234394425 0.9530160469419169
4.671848560532683 0.3592405128899889
9.469701907294404 0.591356433419874
8.642700650505596 0.15395291477869444
7.374505903159814 0.3235073854027881
8.642700650505596 0.15395291477869444
9.980742142651964 1.9087692869213901
7.769568453958162 0.3905285820202198
7.949202653655045 0.6257534140173582
8.470624732602081 0.3218310732600904
9.315631894927739 0.6848694190037818
9.40354550321848 0.7563786581782539
9.808842300158027 0.16458481623585097
9.16839309926678 0.44463640939318205
8.553269743496905 0.30920070330870075
9.980742142651964 1.9087692869213901
8.422247906664484 0.70496251832457
8.642700650505596 0.15395291477869444
5.807177392957781 0.07451464352946413
9.808842300158027 0.16458481623585097
9.861839234394425 0.9530160469419169
9.469701907294404 0.591356433419874
9.628306107085978 8.686839875481617
9.58915749382728 7.975814305690685
9.857095404569536 9.86698433009543
9.857095404569536 9.86698433009543
9.60769176287699 9.675592504914034
0.13956206242233815 8.902895438109088
0.38078987961443156 9.64324704905739
0.007941991089162048 9.813080755336
0.13956206242233815 8.902895438109088
0.38078987961443156 9.64324704905739
0.033308869224486504 8.943940080613997
0.24840741680964173 7.353184002622215
0.1273575792834447 0.13558800360799594
0.033308869224486504 8.943940080613997
0.033308869224486504 8.943940080613997
0.6226204509124011 8.577789377278151
8.642700650505596 0.15395291477869444
0.38078987961443156 9.64324704905739
1.4493080707856154 9.815501152414486
0.033308869224486504 8.943940080613997
0.033308869224486504 8.943940080613997
0.13956206242233815 8.902895438109088
0.28775512503776524 8.17491064982628
0.13956206242233815 8.902895438109088
0.4493018634249446 9.86164574874812
0.007941991089162048 9.813080755336
0.4873832369196984 9.728653422577567
0.055550732456857155 9.135273927513435
0.8903037012679493 9.228645275222044
0.11441306878324342 8.13214042826737
0.8828396266975647 9.047046922917566
0.20595555002257182 8.840716655810038
0.5403294063146724 9.192170228245507
0.3916723993257798 8.182431528009516
0.11441306878324342 8.13214042826737
0.3916723993257798 8.182431528009516
0.033308869224486504 8.943940080613997
0.007941991089162048 9.813080755336
0.007941991089162048 9.813080755336
0.13956206242233815 8.902895438109088
6.680320316232842 0.02180239174998544
7.374505903159814 0.3235073854027881
9.997669156267799 1.6761736177652464
9.861839234394425 0.9530160469419169
9.68358092011022 6.207972969483222
9.965953861062513 9.869753850087227
9.765038720853411 9.448406289134006
9.500334626116484 6.308690275687279
9.762765945517845 8.944190061060892
9.965953861062513 9.869753850087227
9.857095404569536 9.86698433009543
8.934607171153939 9.157435812934285
9.857095404569536 9.86698433009543
9.866086118994383 2.0195625840036135
9.887537258451932 6.557741448992436
9.404088666514006 9.810376316162795
9.404088666514006 9.810376316162795
9.505762473323788 9.508005755664442
8.74073737314273 9.872127730598447
9.943049589184321 9.252060836680752
9.238219257757954 9.420157416960887
9.964643639002341 6.447622550073091
9.238219257757954 9.420157416960887
0.46782747359789933 8.999957759822475
9.505762473323788 9.508005755664442
1.1526001222500026 9.925680198063219
6.875075083557944 0.09728174303695436
0.8903037012679493 9.228645275222044
0.8903037012679493 9.228645275222044
0.22393707099238602 8.084492619223214
0.4873832369196984 9.728653422577567
0.6950134967393851 9.328502184248638
0.5601759980004739 7.391380603017659
0.18223386127864005 1.8688523631160048
0.055550732456857155 9.135273927513435
0.4272485905235035 8.75585343854754
0.5633851838539283 8.15089169564429
0.7460973414451844 8.748334858605267
0.5503528677300906 9.519655834223961
9.224881985543847 0.2524104992285703
7.769568453958162 0.3905285820202198
9.808842300158027 0.16458481623585097
9.997669156267799 1.6761736177652464
0.11441306878324342 8.13214042826737
0.20595555002257182 8.840716655810038
0.4272485905235035 8.75585343854754
9.469701907294404 0.591356433419874
1.3827757656520334 9.078445627794842
0.5403294063146724 9.192170228245507
8.470624732602081 0.3218310732600904
0.033308869224486504 8.943940080613997
0.4493018634249446 9.86164574874812
0.007941991089162048 9.813080755336
0.7098834333177084 9.37713957250362
0.36398850436987207 7.215213314500368
0.11441306878324342 8.13214042826737
0.5503528677300906 9.519655834223961
0.007941991089162048 9.813080755336
0.28775512503776524 8.17491064982628
0.055550732456857155 9.135273927513435
0.5503528677300906 9.519655834223961
0.6950134967393851 9.328502184248638
0.055550732456857155 9.135273927513435
0.11441306878324342 8.13214042826737
0.055550732456857155 9.135273927513435
0.13956206242233815 8.902895438109088
0.11441306878324342 8.13214042826737
0.7460973414451844 8.748334858605267
0.46782747359789933 8.999957759822475
0.007941991089162048 9.813080755336
0.4873832369196984 9.728653422577567
0.11441306878324342 8.13214042826737
0.055550732456857155 9.135273927513435
0.38078987961443156 9.64324704905739
0.033308869224486504 8.943940080613997
0.4873832369196984 9.728653422577567
9.808842300158027 0.16458481623585097
0.7144838397046294 0.25312140934501626
0.46782747359789933 8.999957759822475
0.4493018634249446 9.86164574874812
0.8903037012679493 9.228645275222044
0.20595555002257182 8.840716655810038
0.11441306878324342 8.13214042826737
0.38078987961443156 9.64324704905739
0.5403294063146724 9.192170228245507
0.46782747359789933 8.999957759822475
0.6950134967393851 9.328502184248638
8.838436746484922 0.5609296292653698
6.680320316232842 0.02180239174998544
9.315631894927739 0.6848694190037818
5.814144681084297 0.10718121905412659
8.642700650505596 0.15395291477869444
9.808842300158027 0.16458481623585097
9.808842300158027 0.16458481623585097
8.642700650505596 0.15395291477869444
0.8903037012679493 9.228645275222044
0.033308869224486504 8.943940080613997
1.1526001222500026 9.925680198063219
0.11441306878324342 8.13214042826737
0.8828396266975647 9.047046922917566
0.4493018634249446 9.86164574874812
0.7098834333177084 9.37713957250362
0.033308869224486504 8.943940080613997
0.4493018634249446 9.86164574874812
0.0784529138485679 8.123555286412657
0.6950134967393851 9.328502184248638
9.857095404569536 9.86698433009543
9.947378166512074 9.403992975116743
9.762765945517845 8.944190061060892
9.857095404569536 9.86698433009543
9.60769176287699 9.675592504914034
9.81825202166556 9.131235325131765
9.958682468574922 8.505787573415368
9.58915749382728 7.975814305690685
9.947378166512074 9.403992975116743
9.603661795824575 8.971695078681815
0.22393707099238602 8.084492619223214
0.4873832369196984 9.728653422577567
0.5403294063146724 9.192170228245507
0.1342883384134308 8.228183808123262
0.35132005677160905 5.669240780709108
0.007941991089162048 9.813080755336
0.4873832369196984 9.728653422577567
0.46782747359789933 8.999957759822475
0.1342883384134308 8.228183808123262
0.11441306878324342 8.13214042826737
6.5899365626310225 0.19245102079167964
6.236525754574995 0.12806096289895041
0.4493018634249446 9.86164574874812
8.663576973814903 0.9187771171093373
0.20595555002257182 8.840716655810038
0.0784529138485679 8.123555286412657
0.3383033219495557 3.36684387895261
0.033308869224486504 8.943940080613997
0.4873832369196984 9.728653422577567
0.007941991089162048 9.813080755336
0.4873832369196984 9.728653422577567
0.11441306878324342 8.13214042826737
0.993625631797943 8.537389645981328
0.4272485905235035 8.75585343854754
1.1526001222500026 9.925680198063219
0.20595555002257182 8.840716655810038
0.9808526498336412 8.412562216741424
0.7098834333177084 9.37713957250362
1.4493080707856154 9.815501152414486
7.211556657196336 0.33473313191411114
1.1526001222500026 9.925680198063219
0.4493018634249446 9.86164574874812
1.426987159096349 9.882938333144835
0.055550732456857155 9.135273927513435
0.3916723993257798 8.182431528009516
0.24840741680964173 7.353184002622215
0.5503528677300906 9.519655834223961
0.033308869224486504 8.943940080613997
0.5879265005895196 5.932511090036123
0.24840741680964173 7.353184002622215
0.22393707099238602 8.084492619223214
0.28775512503776524 8.17491064982628
0.5503528677300906 9.519655834223961
0.033308869224486504 8.943940080613997
0.17001429603381135 7.086863459318451
0.22393707099238602 8.084492619223214
0.055550732456857155 9.135273927513435
0.7460973414451844 8.748334858605267
0.46782747359789933 8.999957759822475
0.22393707099238602 8.084492619223214
8.67671863789485 9.49141158597605
8.892822318726747 8.715023547302751
9.01124428964003 9.836423131474586
9.497651664755583 9.590854043082313
0.7460973414451844 8.748334858605267
0.46782747359789933 8.999957759822475
0.5503528677300906 9.519655834223961
0.20595555002257182 8.840716655810038
0.36398850436987207 7.215213314500368
0.0784529138485679 8.123555286412657
9.957540181999669 0.004666388587071246
8.553269743496905 0.30920070330870075
0.06543136286679241 0.8278406291441676
1.1928315263172973 0.19313165720929337
9.469701907294404 0.591356433419874
4.529826871143101 0.07087526419967904
9.808842300158027 0.16458481623585097
9.40354550321848 0.7563786581782539
7.109850361743462 0.27714613731607773
8.470624732602081 0.3218310732600904
6.916976382445068 0.22939763316032868
8.553269743496905 0.30920070330870075
9.742529721397277 0.8765689306890656
8.000238737665288 0.3638681801953103
9.742529721397277 0.8765689306890656
8.812629132806196 0.669076400901647
6.5899365626310225 0.19245102079167964
8.470624732602081 0.3218310732600904
8.470624732602081 0.3218310732600904
5.807177392957781 0.07451464352946413
9.808842300158027 0.16458481623585097
6.680320316232842 0.02180239174998544
7.21388248043056 0.1143999896491743
8.642700650505596 0.15395291477869444
9.808842300158027 0.16458481623585097
7.769568453958162 0.3905285820202198
8.511146480194625 0.5315546298167573
9.808842300158027 0.16458481623585097
9.808842300158027 0.16458481623585097
9.866086118994383 2.0195625840036135
9.479373647073333 3.0420860595679033
9.927125449046283 1.4047931261002566
9.469701907294404 0.591356433419874
9.808842300158027 0.16458481623585097
8.422247906664484 0.70496251832457
8.893527036398016 9.703007527647767
9.762765945517845 8.944190061060892
9.469701907294404 0.591356433419874
9.238738268829787 8.502337111850817
9.652931918042142 1.1523935567996046
9.957540181999669 0.004666388587071246
9.469701907294404 0.591356433419874
9.718329241741381 3.7980311607703032
9.40354550321848 0.7563786581782539
9.857095404569536 9.86698433009543
9.857095404569536 9.86698433009543
8.380752508093483 9.909949892043752
9.965953861062513 9.869753850087227
9.043401695269782 9.87623015737455
8.74073737314273 9.872127730598447
8.642700650505596 0.15395291477869444
0.38078987961443156 9.64324704905739
9.00443991003366 1.0493617153258739
1.829627752022096 9.542043418425944
0.007941991089162048 9.813080755336
0.7098834333177084 9.37713957250362
0.033308869224486504 8.943940080613997
0.033308869224486504 8.943940080613997
0.0784529138485679 8.123555286412657
2.221898192254468 9.482502432391218
1.1526001222500026 9.925680198063219
0.4272485905235035 8.75585343854754
6.680320316232842 0.02180239174998544
6.874893025882578 0.09019188030649161
7.769568453958162 0.3905285820202198
7.22583947676271 0.791450492331851
9.315631894927739 0.6848694190037818
9.957540181999669 0.004666388587071246
9.58255744803749 0.7906763004624962
7.211556657196336 0.33473313191411114
6.680320316232842 0.02180239174998544
9.469701907294404 0.591356433419874
9.808842300158027 0.16458481623585097
9.861839234394425 0.9530160469419169
8.642700650505596 0.15395291477869444
9.16839309926678 0.44463640939318205
7.21388248043056 0.1143999896491743
7.21388248043056 0.1143999896491743
9.469701907294404 0.591356433419874
9.261161058742747 0.9195650903604191
9.999093455699064 1.8590357672353197
9.315631894927739 0.6848694190037818
9.16839309926678 0.44463640939318205
9.957540181999669 0.004666388587071246
9.742529721397277 0.8765689306890656
9.51928763934081 2.215852385616115
8.663576973814903 0.9187771171093373
9.348844631179222 2.0740236553326485
9.315631894927739 0.6848694190037818
9.472632233473062 2.1022526053128
8.879831315767952 9.246700378583338
9.98102151894339 6.331675168263782
9.947378166512074 9.403992975116743
9.612280399911409 2.673229001281485
9.857095404569536 9.86698433009543
9.404088666514006 9.810376316162795
0.007941991089162048 9.813080755336
0.5633851838539283 8.15089169564429
0.4272485905235035 8.75585343854754
0.22393707099238602 8.084492619223214
9.808842300158027 0.16458481623585097
0.7356937101655148 0.01652273875050625
1.1526001222500026 9.925680198063219
0.4493018634249446 9.86164574874812
1.601315483097383 9.571845243307171
0.18395734099474703 6.1015685773099415
2.241293112943481 9.539253200085918
0.5503528677300906 9.519655834223961
1.1526001222500026 9.925680198063219
1.3179247326942911 9.626500453194058
1.601315483097383 9.571845243307171
0.0784529138485679 8.123555286412657
0.4493018634249446 9.86164574874812
1.426987159096349 9.882938333144835
0.1342883384134308 8.228183808123262
1.426987159096349 9.882938333144835
0.7098834333177084 9.37713957250362
0.993625631797943 8.537389645981328
0.4873832369196984 9.728653422577567
0.805343632598785 7.727114447432653
0.055550732456857155 9.135273927513435
0.46782747359789933 8.999957759822475
0.5503528677300906 9.519655834223961
0.38078987961443156 9.64324704905739
0.12608478777734522 6.678713694969782
0.055550732456857155 9.135273927513435
0.20595555002257182 8.840716655810038
0.24840741680964173 7.353184002622215
0.055550732456857155 9.135273927513435
0.055550732456857155 9.135273927513435
0.4272485905235035 8.75585343854754
0.36398850436987207 7.215213314500368
0.033308869224486504 8.943940080613997
0.22393707099238602 8.084492619223214
0.033308869224486504 8.943940080613997
0.0784529138485679 8.123555286412657
0.24840741680964173 7.353184002622215
0.6226204509124011 8.577789377278151
0.4873832369196984 9.728653422577567
0.4272485905235035 8.75585343854754
0.055550732456857155 9.135273927513435
0.36398850436987207 7.215213314500368
0.28775512503776524 8.17491064982628
0.38078987961443156 9.64324704905739
0.4493018634249446 9.86164574874812
0.11441306878324342 8.13214042826737
0.0784529138485679 8.123555286412657
0.38078987961443156 9.64324704905739
0.46782747359789933 8.999957759822475
0.20595555002257182 8.840716655810038
7.070009367997219 0.39498231545568974
2.0820832993700034 8.969574533468167
0.13956206242233815 8.902895438109088
8.470624732602081 0.3218310732600904
0.38078987961443156 9.64324704905739
7.2239708614312015 0.5167115066239969
8.511146480194625 0.5315546298167573
6.30136237565269 0.3088795864159688
9.315631894927739 0.6848694190037818
8.553269743496905 0.30920070330870075
9.742529721397277 0.8765689306890656
8.838436746484922 0.5609296292653698
8.553269743496905 0.30920070330870075
8.470624732602081 0.3218310732600904
9.224881985543847 0.2524104992285703
9.40354550321848 0.7563786581782539
9.957540181999669 0.004666388587071246
9.957540181999669 0.004666388587071246
9.957540181999669 0.004666388587071246
8.499598748675384 0.8046084346475735
7.749443476338542 1.026545421099987
9.315631894927739 0.6848694190037818
8.838436746484922 0.5609296292653698
6.180913123634424 0.1997410585713877
6.916976382445068 0.22939763316032868
8.081543876061858 0.770554656776774
9.40354550321848 0.7563786581782539
8.511146480194625 0.5315546298167573
9.927125449046283 1.4047931261002566
7.769568453958162 0.3905285820202198
9.857095404569536 9.86698433009543
8.642231440598847 0.9333122000439453
9.957540181999669 0.004666388587071246
9.67594691151059 9.67694059786988
9.958682468574922 8.505787573415368
9.902596461931395 6.8613499368314645
9.957540181999669 0.004666388587071246
9.997669156267799 1.6761736177652464
9.652440493364017 3.956245579964508
9.743368927947794 2.9442681713330865
9.866086118994383 2.0195625840036135
9.980742142651964 1.9087692869213901
9.469701907294404 0.591356433419874
9.60769176287699 9.675592504914034
9.943049589184321 9.252060836680752
9.238219257757954 9.420157416960887
8.67671863789485 9.49141158597605
8.934607171153939 9.157435812934285
9.947378166512074 9.403992975116743
9.329590207595338 8.315114866977474
5.807177392957781 0.07451464352946413
8.511146480194625 0.5315546298167573
0.8828396266975647 9.047046922917566
0.055550732456857155 9.135273927513435
7.374505903159814 0.3235073854027881
8.812629132806196 0.669076400901647
9.742529721397277 0.8765689306890656
5.807177392957781 0.07451464352946413
9.315631894927739 0.6848694190037818
0.7098834333177084 9.37713957250362
9.40354550321848 0.7563786581782539
0.5403294063146724 9.192170228245507
0.5503528677300906 9.519655834223961
0.9150303205323085 9.661155429200152
8.642700650505596 0.15395291477869444
0.055550732456857155 9.135273927513435
7.374505903159814 0.3235073854027881
6.875075083557944 0.09728174303695436
8.642700650505596 0.15395291477869444
9.224881985543847 0.2524104992285703
9.30399155815244 1.237568055112317
1.1928315263172973 0.19313165720929337
8.081543876061858 0.770554656776774
8.553269743496905 0.30920070330870075
0.559635206231599 0.454157596716116
9.861839234394425 0.9530160469419169
9.861839234394425 0.9530160469419169
9.224881985543847 0.2524104992285703
9.224881985543847 0.2524104992285703
0.4873832369196984 9.728653422577567
9.957540181999669 0.004666388587071246
0.0784529138485679 8.123555286412657
0.5757033133651124 7.140344879537728
1.1928315263172973 0.19313165720929337
8.380752508093483 9.909949892043752
0.46782747359789933 8.999957759822475
9.809539340639517 8.488151448241597
9.238219257757954 9.420157416960887
9.649831058671715 7.067831380835841
9.81825202166556 9.131235325131765
9.857095404569536 9.86698433009543
0.4873832369196984 9.728653422577567
0.4873832369196984 9.728653422577567
0.5633851838539283 8.15089169564429
0.13956206242233815 8.902895438109088
0.4873832369196984 9.728653422577567
0.1342883384134308 8.228183808123262
0.28775512503776524 8.17491064982628
0.1140022001578389 5.057101113335969
0.18395734099474703 6.1015685773099415
7.208729245208135 0.16858562191033544
3.984796123743737 0.0688032847940967
0.3723470738000101 0.3244161739667173
0.7356937101655148 0.01652273875050625
0.06543136286679241 0.8278406291441676
0.6950134967393851 9.328502184248638
0.9150303205323085 9.661155429200152
0.22393707099238602 8.084492619223214
0.033308869224486504 8.943940080613997
0.055550732456857155 9.135273927513435
0.007941991089162048 9.813080755336
0.1342883384134308 8.228183808123262
0.4873832369196984 9.728653422577567
1.601315483097383 9.571845243307171
0.20595555002257182 8.840716655810038
0.033308869224486504 8.943940080613997
0.22393707099238602 8.084492619223214
8.511146480194625 0.5315546298167573
0.28775512503776524 8.17491064982628
7.374505903159814 0.3235073854027881
8.499598748675384 0.8046084346475735
9.742529721397277 0.8765689306890656
9.957540181999669 0.004666388587071246
7.21388248043056 0.1143999896491743
7.070009367997219 0.39498231545568974
9.957540181999669 0.004666388587071246
8.663576973814903 0.9187771171093373
9.261161058742747 0.9195650903604191
9.643727294800966 1.7498755948295641
9.58255744803749 0.7906763004624962
8.511146480194625 0.5315546298167573
0.13956206242233815 8.902895438109088
0.3697867424578605 6.565729674686298
0.10844042286442201 1.531106537554534
0.4873832369196984 9.728653422577567
0.1273575792834447 0.13558800360799594
0.10844042286442201 1.531106537554534
0.11441306878324342 8.13214042826737
0.5403294063146724 9.192170228245507
0.033308869224486504 8.943940080613997
1.426987159096349 9.882938333144835
9.505762473323788 9.508005755664442
0.20595555002257182 8.840716655810038
0.4493018634249446 9.86164574874812
0.4272485905235035 8.75585343854754
0.20595555002257182 8.840716655810038
0.13956206242233815 8.902895438109088
0.5601759980004739 7.391380603017659
0.17001429603381135 7.086863459318451
0.055550732456857155 9.135273927513435
7.208729245208135 0.16858562191033544
9.861839234394425 0.9530160469419169
9.16839309926678 0.44463640939318205
9.315631894927739 0.6848694190037818
6.916976382445068 0.22939763316032868
1.4493080707856154 9.815501152414486
9.469701907294404 0.591356433419874
0.17001429603381135 7.086863459318451
9.261161058742747 0.9195650903604191
6.157476218887947 0.24965213293438593
9.808842300158027 0.16458481623585097
8.000238737665288 0.3638681801953103
8.988155446196116 1.6199205992082732
8.642700650505596 0.15395291477869444
9.808842300158027 0.16458481623585097
0.6562140407296724 0.407831029249468
6.874893025882578 0.09019188030649161
8.000238737665288 0.3638681801953103
5.807177392957781 0.07451464352946413
8.642700650505596 0.15395291477869444
9.674609398855452 1.3583215968439388
8.511146480194625 0.5315546298167573
8.642700650505596 0.15395291477869444
9.808842300158027 0.16458481623585097
6.874893025882578 0.09019188030649161
9.30399155815244 1.237568055112317
9.224881985543847 0.2524104992285703
9.957540181999669 0.004666388587071246
5.551617689383132 0.45520592614946453
6.680320316232842 0.02180239174998544
7.070009367997219 0.39498231545568974
9.861839234394425 0.9530160469419169
9.808842300158027 0.16458481623585097
9.652931918042142 1.1523935567996046
8.988155446196116 1.6199205992082732
9.469701907294404 0.591356433419874
9.999093455699064 1.8590357672353197
9.999093455699064 1.8590357672353197
9.58255744803749 0.7906763004624962
9.861839234394425 0.9530160469419169
9.742529721397277 0.8765689306890656
9.927125449046283 1.4047931261002566
9.224881985543847 0.2524104992285703
9.30399155815244 1.237568055112317
9.505762473323788 9.508005755664442
9.887537258451932 6.557741448992436
9.887537258451932 6.557741448992436
9.887537258451932 6.557741448992436
9.261161058742747 0.9195650903604191
9.674609398855452 1.3583215968439388
6.680320316232842 0.02180239174998544
0.17001429603381135 7.086863459318451
1.601315483097383 9.571845243307171
7.208729245208135 0.16858562191033544
9.808842300158027 0.16458481623585097
0.4493018634249446 9.86164574874812
0.4873832369196984 9.728653422577567
1.1526001222500026 9.925680198063219
0.13956206242233815 8.902895438109088
1.1526001222500026 9.925680198063219
0.5403294063146724 9.192170228245507
1.426987159096349 9.882938333144835
1.2732771413927213 8.86540040386546
0.6950134967393851 9.328502184248638
0.4873832369196984 9.728653422577567
0.20595555002257182 8.840716655810038
0.033308869224486504 8.943940080613997
1.426987159096349 9.882938333144835
9.861839234394425 0.9530160469419169
9.58255744803749 0.7906763004624962
6.30136237565269 0.3088795864159688
1.3179247326942911 9.626500453194058
0.46782747359789933 8.999957759822475
0.3697867424578605 6.565729674686298
1.3179247326942911 9.626500453194058
0.4873832369196984 9.728653422577567
0.0784529138485679 8.123555286412657
0.4493018634249446 9.86164574874812
0.055550732456857155 9.135273927513435
0.3916723993257798 8.182431528009516
7.21388248043056 0.1143999896491743
0.46782747359789933 8.999957759822475
0.12608478777734522 6.678713694969782
9.947378166512074 9.403992975116743
9.857095404569536 9.86698433009543
9.943049589184321 9.252060836680752
9.947378166512074 9.403992975116743
9.60769176287699 9.675592504914034
9.01124428964003 9.836423131474586
9.746105504099889 8.24254640158646
0.9150303205323085 9.661155429200152
9.784269139783365 7.0606268937793875
9.497651664755583 9.590854043082313
9.857095404569536 9.86698433009543
9.140721465460654 7.9723874149032365
0.0784529138485679 8.123555286412657
9.809539340639517 8.488151448241597
9.943049589184321 9.252060836680752
0.13956206242233815 8.902895438109088
0.055550732456857155 9.135273927513435
7.208729245208135 0.16858562191033544
0.8903037012679493 9.228645275222044
7.109850361743462 0.27714613731607773
6.180913123634424 0.1997410585713877
9.224881985543847 0.2524104992285703
3.2820702864052542 0.14839724392159637
9.315631894927739 0.6848694190037818
6.157476218887947 0.24965213293438593
7.208729245208135 0.16858562191033544
9.40354550321848 0.7563786581782539
9.742529721397277 0.8765689306890656
3.2820702864052542 0.14839724392159637
9.742529721397277 0.8765689306890656
8.838436746484922 0.5609296292653698
9.957540181999669 0.004666388587071246
9.808842300158027 0.16458481623585097
9.999093455699064 1.8590357672353197
9.957540181999669 0.004666388587071246
8.189312850273636 0.8326375940413677
9.014592396198617 1.0486029902856941
8.000238737665288 0.3638681801953103
7.374505903159814 0.3235073854027881
9.861839234394425 0.9530160469419169
6.875075083557944 0.09728174303695436
8.470624732602081 0.3218310732600904
9.808842300158027 0.16458481623585097
6.680320316232842 0.02180239174998544
9.00443991003366 1.0493617153258739
9.30399155815244 1.237568055112317
8.642700650505596 0.15395291477869444
8.553269743496905 0.30920070330870075
8.838436746484922 0.5609296292653698
8.642700650505596 0.15395291477869444
9.98102151894339 6.331675168263782
9.472632233473062 2.1022526053128
9.997669156267799 1.6761736177652464
6.8989524626165295 9.896996047126601
9.404088666514006 9.810376316162795
9.808842300158027 0.16458481623585097
7.425778570319322 9.583923400047409
9.01124428964003 9.836423131474586
9.404088666514006 9.810376316162795
9.603661795824575 8.971695078681815
9.81825202166556 9.131235325131765
9.947378166512074 9.403992975116743
9.836143375529717 8.23722897627957
9.762765945517845 8.944190061060892
9.857095404569536 9.86698433009543
9.943049589184321 9.252060836680752
9.67594691151059 9.67694059786988
6.548413035861844 0.346080136088891
3.7515687546350573 0.11388092047310616
1.2732771413927213 8.86540040386546
1.829627752022096 9.542043418425944
1.1526001222500026 9.925680198063219
0.12608478777734522 6.678713694969782
0.007941991089162048 9.813080755336
0.8828396266975647 9.047046922917566
0.055550732456857155 9.135273927513435
0.9150303205323085 9.661155429200152
1.3179247326942911 9.626500453194058
0.4493018634249446 9.86164574874812
0.4493018634249446 9.86164574874812
1.3827757656520334 9.078445627794842
0.28775512503776524 8.17491064982628
0.5503528677300906 9.519655834223961
0.055550732456857155 9.135273927513435
0.5403294063146724 9.192170228245507
9.742529721397277 0.8765689306890656
9.261161058742747 0.9195650903604191
9.16839309926678 0.44463640939318205
0.9808526498336412 8.412562216741424
0.11441306878324342 8.13214042826737
9.469701907294404 0.591356433419874
0.055550732456857155 9.135273927513435
9.00443991003366 1.0493617153258739
0.5633851838539283 8.15089169564429
0.46782747359789933 8.999957759822475
0.28775512503776524 8.17491064982628
0.007941991089162048 9.813080755336
0.033308869224486504 8.943940080613997
9.765038720853411 9.448406289134006
9.943049589184321 9.252060836680752
9.947378166512074 9.403992975116743
0.13956206242233815 8.902895438109088
9.947378166512074 9.403992975116743
9.603661795824575 8.971695078681815
0.9150303205323085 9.661155429200152
0.17001429603381135 7.086863459318451
0.11441306878324342 8.13214042826737
0.033308869224486504 8.943940080613997
0.1342883384134308 8.228183808123262
0.033308869224486504 8.943940080613997
0.20595555002257182 8.840716655810038
0.9440247978764194 8.500812646843992
0.4272485905235035 8.75585343854754
0.4493018634249446 9.86164574874812
0.30037514286441525 4.148532019143108
0.0784529138485679 8.123555286412657
0.0784529138485679 8.123555286412657
6.680320316232842 0.02180239174998544
5.814144681084297 0.10718121905412659
3.0460804531256747 0.19602533144512435
9.808842300158027 0.16458481623585097
9.742529721397277 0.8765689306890656
7.749443476338542 1.026545421099987
1.8027025789080442 9.575349413104826
1.4493080707856154 9.815501152414486
0.13956206242233815 8.902895438109088
0.20595555002257182 8.840716655810038
0.7098834333177084 9.37713957250362
0.20595555002257182 8.840716655810038
0.20595555002257182 8.840716655810038
0.033308869224486504 8.943940080613997
0.033308869224486504 8.943940080613997
0.033308869224486504 8.943940080613997
0.055550732456857155 9.135273927513435
0.9150303205323085 9.661155429200152
0.7460973414451844 8.748334858605267
1.040626226636343 8.583798264544471
0.033308869224486504 8.943940080613997
0.4493018634249446 9.86164574874812
0.20595555002257182 8.840716655810038
0.20595555002257182 8.840716655810038
0.46782747359789933 8.999957759822475
0.1342883384134308 8.228183808123262
0.7460973414451844 8.748334858605267
9.224881985543847 0.2524104992285703
9.980742142651964 1.9087692869213901
0.7460973414451844 8.748334858605267
0.7620459421719428 7.2296367143296125
0.38078987961443156 9.64324704905739
0.5503528677300906 9.519655834223961
0.38078987961443156 9.64324704905739
0.5633851838539283 8.15089169564429
0.0784529138485679 8.123555286412657
0.055550732456857155 9.135273927513435
0.18395734099474703 6.1015685773099415
0.13956206242233815 8.902895438109088
0.5503528677300906 9.519655834223961
0.055550732456857155 9.135273927513435
0.4493018634249446 9.86164574874812
0.13956206242233815 8.902895438109088
0.4493018634249446 9.86164574874812
9.857095404569536 9.86698433009543
8.893527036398016 9.703007527647767
8.893527036398016 9.703007527647767
9.043401695269782 9.87623015737455
9.762765945517845 8.944190061060892
8.355368239128943 9.961160485189847
6.875075083557944 0.09728174303695436
7.109850361743462 0.27714613731607773
0.3723470738000101 0.3244161739667173
8.553269743496905 0.30920070330870075
7.769568453958162 0.3905285820202198
6.875075083557944 0.09728174303695436
9.16839309926678 0.44463640939318205
8.470624732602081 0.3218310732600904
9.16839309926678 0.44463640939318205
0.22393707099238602 8.084492619223214
0.007941991089162048 9.813080755336
0.7460973414451844 8.748334858605267
0.46782747359789933 8.999957759822475
0.5503528677300906 9.519655834223961
1.1526001222500026 9.925680198063219
0.7460973414451844 8.748334858605267
0.4493018634249446 9.86164574874812
0.4272485905235035 8.75585343854754
8.838436746484922 0.5609296292653698
1.426987159096349 9.882938333144835
8.553269743496905 0.30920070330870075
9.808842300158027 0.16458481623585097
4.529826871143101 0.07087526419967904
0.7098834333177084 9.37713957250362
0.7350182236789005 6.725972504463307
9.16839309926678 0.44463640939318205
9.861839234394425 0.9530160469419169
9.315631894927739 0.6848694190037818
9.808842300158027 0.16458481623585097
0.5503528677300906 9.519655834223961
0.7098834333177084 9.37713957250362
0.033308869224486504 8.943940080613997
0.1342883384134308 8.228183808123262
0.033308869224486504 8.943940080613997
0.4272485905235035 8.75585343854754
0.6486617500892167 6.9361281859217705
0.5601759980004739 7.391380603017659
0.055550732456857155 9.135273927513435
0.20595555002257182 8.840716655810038
0.033308869224486504 8.943940080613997
0.13956206242233815 8.902895438109088
0.38078987961443156 9.64324704905739
0.007941991089162048 9.813080755336
0.17264084814612835 3.7204602021427258
0.4493018634249446 9.86164574874812
0.0784529138485679 8.123555286412657
0.0784529138485679 8.123555286412657
0.5601759980004739 7.391380603017659
0.4493018634249446 9.86164574874812
0.4493018634249446 9.86164574874812
9.957540181999669 0.004666388587071246
3.2820702864052542 0.14839724392159637
0.7144838397046294 0.25312140934501626
9.861839234394425 0.9530160469419169
7.070009367997219 0.39498231545568974
7.21388248043056 0.1143999896491743
6.787816342820905 0.16957053554275792
8.642700650505596 0.15395291477869444
6.787816342820905 0.16957053554275792
8.470624732602081 0.3218310732600904
8.470624732602081 0.3218310732600904
8.634934334560057 1.150661012723957
9.58255744803749 0.7906763004624962
9.469701907294404 0.591356433419874
5.551617689383132 0.45520592614946453
9.40354550321848 0.7563786581782539
9.808842300158027 0.16458481623585097
7.2239708614312015 0.5167115066239969
9.16839309926678 0.44463640939318205
8.000238737665288 0.3638681801953103
8.470624732602081 0.3218310732600904
9.957540181999669 0.004666388587071246
9.469701907294404 0.591356433419874
8.000238737665288 0.3638681801953103
9.58255744803749 0.7906763004624962
9.224881985543847 0.2524104992285703
9.58255744803749 0.7906763004624962
9.469701907294404 0.591356433419874
7.21388248043056 0.1143999896491743
6.874893025882578 0.09019188030649161
0.055550732456857155 9.135273927513435
0.28775512503776524 8.17491064982628
0.055550732456857155 9.135273927513435
0.5503528677300906 9.519655834223961
4.579629192917125 9.971893090298023
5.354460589693066 9.847544757403206
5.932088773497122 9.920477009928302
4.579629192917125 9.971893090298023
8.508457978100235 9.776084265499534
9.809539340639517 8.488151448241597
9.857095404569536 9.86698433009543
9.238219257757954 9.420157416960887
9.67594691151059 9.67694059786988
9.628306107085978 8.686839875481617
0.0784529138485679 8.123555286412657
9.943049589184321 9.252060836680752
9.836143375529717 8.23722897627957
9.043401695269782 9.87623015737455
9.944812099302087 7.71148167298109
9.965953861062513 9.869753850087227
8.553269743496905 0.30920070330870075
0.18395734099474703 6.1015685773099415
1.2732771413927213 8.86540040386546
0.5503528677300906 9.519655834223961
0.5403294063146724 9.192170228245507
0.4272485905235035 8.75585343854754
0.17264084814612835 3.7204602021427258
1.426987159096349 9.882938333144835
0.5503528677300906 9.519655834223961
9.861839234394425 0.9530160469419169
9.469701907294404 0.591356433419874
0.8903037012679493 9.228645275222044
9.808842300158027 0.16458481623585097
9.224881985543847 0.2524104992285703
8.422247906664484 0.70496251832457
0.38078987961443156 9.64324704905739
0.4493018634249446 9.86164574874812
0.033308869224486504 8.943940080613997
0.055550732456857155 9.135273927513435
1.1526001222500026 9.925680198063219
0.11441306878324342 8.13214042826737
0.5403294063146724 9.192170228245507
1.7098833080245646 9.465654936211465
0.4272485905235035 8.75585343854754
0.3916723993257798 8.182431528009516
0.5403294063146724 9.192170228245507
1.1526001222500026 9.925680198063219
0.4873832369196984 9.728653422577567
0.12608478777734522 6.678713694969782
0.4493018634249446 9.86164574874812
0.033308869224486504 8.943940080613997
0.4493018634249446 9.86164574874812
0.007941991089162048 9.813080755336
0.5503528677300906 9.519655834223961
0.4272485905235035 8.75585343854754
0.9150303205323085 9.661155429200152
0.4493018634249446 9.86164574874812
0.007941991089162048 9.813080755336
0.4493018634249446 9.86164574874812
0.13956206242233815 8.902895438109088
0.4873832369196984 9.728653422577567
0.38078987961443156 9.64324704905739
0.033308869224486504 8.943940080613997
0.033308869224486504 8.943940080613997
0.4493018634249446 9.86164574874812
0.22393707099238602 8.084492619223214
0.7460973414451844 8.748334858605267
0.4873832369196984 9.728653422577567
0.055550732456857155 9.135273927513435
1.1526001222500026 9.925680198063219
6.874893025882578 0.09019188030649161
0.20595555002257182 8.840716655810038
8.553269743496905 0.30920070330870075
8.642700650505596 0.15395291477869444
8.642700650505596 0.15395291477869444
7.211556657196336 0.33473313191411114
6.875075083557944 0.09728174303695436
0.4873832369196984 9.728653422577567
0.033308869224486504 8.943940080613997
0.38078987961443156 9.64324704905739
1.4493080707856154 9.815501152414486
0.11441306878324342 8.13214042826737
0.5403294063146724 9.192170228245507
0.9150303205323085 9.661155429200152
8.470624732602081 0.3218310732600904
6.874893025882578 0.09019188030649161
8.553269743496905 0.30920070330870075
9.808842300158027 0.16458481623585097
8.511146480194625 0.5315546298167573
9.014592396198617 1.0486029902856941
7.21388248043056 0.1143999896491743
9.957540181999669 0.004666388587071246
8.759929867967013 1.0204750667540674
8.642700650505596 0.15395291477869444
9.315631894927739 0.6848694190037818
8.812629132806196 0.669076400901647
7.208729245208135 0.16858562191033544
6.236525754574995 0.12806096289895041
9.808842300158027 0.16458481623585097
8.634934334560057 1.150661012723957
8.642700650505596 0.15395291477869444
7.21388248043056 0.1143999896491743
8.812629132806196 0.669076400901647
9.857095404569536 9.86698433009543
9.81825202166556 9.131235325131765
9.943049589184321 9.252060836680752
0.11441306878324342 8.13214042826737
9.81825202166556 9.131235325131765
9.497651664755583 9.590854043082313
9.01124428964003 9.836423131474586
9.497651664755583 9.590854043082313
8.508457978100235 9.776084265499534
9.224881985543847 0.2524104992285703
9.404088666514006 9.810376316162795
9.505762473323788 9.508005755664442
9.808842300158027 0.16458481623585097
9.947378166512074 9.403992975116743
9.67594691151059 9.67694059786988
9.943049589184321 9.252060836680752
9.585876383704557 9.068412517343203
8.642700650505596 0.15395291477869444
0.1273575792834447 0.13558800360799594
1.8211839168071475 0.1094611075080798
2.368455622593113 0.1283338239559617
9.315631894927739 0.6848694190037818
4.529826871143101 0.07087526419967904
9.224881985543847 0.2524104992285703
9.00443991003366 1.0493617153258739
9.16839309926678 0.44463640939318205
8.470624732602081 0.3218310732600904
6.787816342820905 0.16957053554275792
6.680320316232842 0.02180239174998544
8.000238737665288 0.3638681801953103
5.807177392957781 0.07451464352946413
7.769568453958162 0.3905285820202198
6.874893025882578 0.09019188030649161
8.470624732602081 0.3218310732600904
9.808842300158027 0.16458481623585097
6.680320316232842 0.02180239174998544
7.208729245208135 0.16858562191033544
6.874893025882578 0.09019188030649161
6.874893025882578 0.09019188030649161
9.315631894927739 0.6848694190037818
9.224881985543847 0.2524104992285703
9.957540181999669 0.004666388587071246
7.769568453958162 0.3905285820202198
9.997669156267799 1.6761736177652464
7.356860979963729 0.995815198825114
9.224881985543847 0.2524104992285703
8.553269743496905 0.30920070330870075
9.224881985543847 0.2524104992285703
9.16839309926678 0.44463640939318205
9.980742142651964 1.9087692869213901
9.866086118994383 2.0195625840036135
9.808842300158027 0.16458481623585097
9.999093455699064 1.8590357672353197
9.999093455699064 1.8590357672353197
9.999093455699064 1.8590357672353197
9.997669156267799 1.6761736177652464
9.84556398580693 2.8045592019604593
9.469701907294404 0.591356433419874
8.74073737314273 9.872127730598447
2.241293112943481 9.539253200085918
4.024657360196313 9.963022735930085
6.707145193860368 9.824907064633894
2.4400925694847175 9.855924550731407
5.354460589693066 9.847544757403206
8.879831315767952 9.246700378583338
8.508457978100235 9.776084265499534
9.043401695269782 9.87623015737455
8.470624732602081 0.3218310732600904
2.221898192254468 9.482502432391218
0.007941991089162048 9.813080755336
9.224881985543847 0.2524104992285703
2.241293112943481 9.539253200085918
9.40354550321848 0.7563786581782539
9.652931918042142 1.1523935567996046
8.499598748675384 0.8046084346475735
9.469701907294404 0.591356433419874
1.7626775091231583 9.156082985329157
1.0264516176795957 7.442745703255145
9.224881985543847 0.2524104992285703
3.7515687546350573 0.11388092047310616
1.2732771413927213 8.86540040386546
0.4272485905235035 8.75585343854754
0.46782747359789933 8.999957759822475
0.4493018634249446 9.86164574874812
0.5503528677300906 9.519655834223961
0.055550732456857155 9.135273927513435
0.20595555002257182 8.840716655810038
1.2732771413927213 8.86540040386546
0.4493018634249446 9.86164574874812
0.9808526498336412 8.412562216741424
0.11441306878324342 8.13214042826737
0.4493018634249446 9.86164574874812
0.007941991089162048 9.813080755336
0.20595555002257182 8.840716655810038
0.1342883384134308 8.228183808123262
0.1342883384134308 8.228183808123262
0.6226204509124011 8.577789377278151
0.12608478777734522 6.678713694969782
0.0784529138485679 8.123555286412657
9.809539340639517 8.488151448241597
9.561167925854942 5.3825607685139225
9.68358092011022 6.207972969483222
9.965953861062513 9.869753850087227
9.40354550321848 0.7563786581782539
0.3916723993257798 8.182431528009516
0.3916723993257798 8.182431528009516
0.5633851838539283 8.15089169564429
0.4873832369196984 9.728653422577567
0.8796891646456473 7.71817641152615
0.033308869224486504 8.943940080613997
0.1342883384134308 8.228183808123262
0.055550732456857155 9.135273927513435
0.4873832369196984 9.728653422577567
0.13956206242233815 8.902895438109088
0.6950134967393851 9.328502184248638
9.67594691151059 9.67694059786988
8.893527036398016 9.703007527647767
5.598338986747091 0.2741326894808771
0.16494407153832213 0.3218350361928679
0.7356937101655148 0.01652273875050625
1.8211839168071475 0.1094611075080798
9.315631894927739 0.6848694190037818
9.808842300158027 0.16458481623585097
8.323157699781426 1.2365569133640286
7.211556657196336 0.33473313191411114
0.13956206242233815 8.902895438109088
8.642700650505596 0.15395291477869444
0.28775512503776524 8.17491064982628
0.13956206242233815 8.902895438109088
9.808842300158027 0.16458481623585097
8.838436746484922 0.5609296292653698
6.874893025882578 0.09019188030649161
0.4272485905235035 8.75585343854754
0.4873832369196984 9.728653422577567
0.559635206231599 0.454157596716116
9.957540181999669 0.004666388587071246
0.46782747359789933 8.999957759822475
8.000238737665288 0.3638681801953103
9.261161058742747 0.9195650903604191
9.957540181999669 0.004666388587071246
0.007941991089162048 9.813080755336
0.5403294063146724 9.192170228245507
0.8731247657636554 7.560334742378139
0.6486617500892167 6.9361281859217705
0.20595555002257182 8.840716655810038
0.38078987961443156 9.64324704905739
1.040626226636343 8.583798264544471
0.3697867424578605 6.565729674686298
0.38078987961443156 9.64324704905739
0.22393707099238602 8.084492619223214
0.033308869224486504 8.943940080613997
0.42408444164072634 6.560371834631155
0.13956206242233815 8.902895438109088
0.38078987961443156 9.64324704905739
0.5503528677300906 9.519655834223961
0.805343632598785 7.727114447432653
0.13956206242233815 8.902895438109088
0.055550732456857155 9.135273927513435
0.24840741680964173 7.353184002622215
0.3004012609519746 3.969748649697138
0.2057110793095629 0.8556163459592558
0.4129836416055688 2.5925967207377787
0.6562140407296724 0.407831029249468
0.10844042286442201 1.531106537554534
0.3723470738000101 0.3244161739667173
0.6093037832283965 2.6402334974702746
0.06543136286679241 0.8278406291441676
9.224881985543847 0.2524104992285703
5.807177392957781 0.07451464352946413
1.426987159096349 9.882938333144835
0.7098834333177084 9.37713957250362
9.957540181999669 0.004666388587071246
8.323157699781426 1.2365569133640286
6.875075083557944 0.09728174303695436
9.40354550321848 0.7563786581782539
4.671848560532683 0.3592405128899889
0.20595555002257182 8.840716655810038
6.680320316232842 0.02180239174998544
8.553269743496905 0.30920070330870075
8.000238737665288 0.3638681801953103
9.315631894927739 0.6848694190037818
0.559635206231599 0.454157596716116
9.808842300158027 0.16458481623585097
9.16839309926678 0.44463640939318205
5.807177392957781 0.07451464352946413
8.642700650505596 0.15395291477869444
9.16839309926678 0.44463640939318205
1.1526001222500026 9.925680198063219
0.4873832369196984 9.728653422577567
0.20595555002257182 8.840716655810038
9.224881985543847 0.2524104992285703
9.58255744803749 0.7906763004624962
7.769568453958162 0.3905285820202198
0.8796891646456473 7.71817641152615
0.007941991089162048 9.813080755336
8.470624732602081 0.3218310732600904
9.60769176287699 9.675592504914034
8.41837254760598 9.784949228280183
9.965953861062513 9.869753850087227
9.628306107085978 8.686839875481617
9.505762473323788 9.508005755664442
9.958682468574922 8.505787573415368
9.999093455699064 1.8590357672353197
9.01124428964003 9.836423131474586
8.67671863789485 9.49141158597605
9.585876383704557 9.068412517343203
9.809539340639517 8.488151448241597
9.965953861062513 9.869753850087227
9.947378166512074 9.403992975116743
0.033308869224486504 8.943940080613997
9.943049589184321 9.252060836680752
8.893527036398016 9.703007527647767
9.404088666514006 9.810376316162795
9.836143375529717 8.23722897627957
9.67594691151059 9.67694059786988
0.4493018634249446 9.86164574874812
0.17001429603381135 7.086863459318451
