30.0 0.0 0.0 1.0
34.109021739130434 4.864002334198614 4.0739040246837455 2.0
37.57846254767308 7.759176010940427 12.422268136292555 3.0
40.157637729340024 17.78475124151212 16.65768951295713 4.0
42.51789269316539 25.430368065670862 20.416357834523108 5.0
44.743602611536836 37.93973314808809 30.12106428548 6.0
46.516569314018504 52.071871671273605 34.94961102011537 7.0
48.12719784698309 66.63017742931528 46.295487582079375 8.0
49.399188516699326 77.59261530438906 53.17456407474131 9.0
50.51798956383016 93.7734585740117 58.02874697584317 10.0
51.51821915746072 103.48658549160642 71.24241433327894 11.0
52.30494806290435 120.7724324264028 84.8571896952254 12.0
52.897375680440554 133.3453310254815 90.04196558494259 13.0
53.41508088973154 147.39341966054167 101.52445395034556 14.0
53.810767925621846 165.39504113778665 110.97519788215251 15.0
54.103841827907445 179.7028067402353 117.93624307807048 16.0
54.32663348899389 190.16823335929996 127.05339510049635 17.0
54.48404098177126 201.95412730916695 137.75450238254342 18.0
54.57420822458149 209.65342660443605 148.41815672088558 19.0
54.613387424959775 221.39688510872344 158.650971810839 20.0
54.60085815891676 231.91158770488343 168.5238878065165 21.0
54.54518956335391 236.0365142224525 175.92700864314597 22.0
54.4666495860238 244.93708756322908 185.1126614564475 23.0
54.355948811974535 246.42955178527117 191.90152444602668 24.0
54.23165619461218 256.3940766654419 193.41182942372015 25.0
54.08974716079452 258.34557707987545 199.69072808667815 26.0
53.93614790797056 263.8949468191066 198.81435850814555 27.0
53.77612068181749 262.5695209547008 205.38596775363308 28.0
53.609938022988885 262.7570251976552 208.08537714357257 29.0
53.44082865329511 261.10498612547684 213.81368104116046 30.0
53.26777395073844 260.2528292096514 215.94811878516097 31.0
53.09423239553174 264.5894991306364 219.04340818670977 32.0
52.91214368069412 269.44661233875695 217.72112061988508 33.0
52.72606113805068 271.4197356919948 217.9232252219554 34.0
52.53820249053692 267.76033546910486 215.6417429479723 35.0
52.35884388052097 270.95324728613826 215.66887295702767 36.0
52.17621868123452 269.1563850938973 219.3855315166332 37.0
51.9929423534778 269.0341963629059 218.2315963650397 38.0
51.812115670430515 272.71733183692896 225.55478834158512 39.0
51.62008241724265 269.8265481455482 224.80612401704315 40.0
51.43354617000355 269.8529036547145 226.97506745908888 41.0
51.24592165170708 268.32775952283936 225.1457627950336 42.0
51.0630761534011 271.4000133464524 226.2937445496343 43.0
50.87643355228125 275.07876064918884 226.04962516654058 44.0
50.68670836927788 275.4867428942888 229.26228236177926 45.0
50.49466754946658 270.70499364727254 231.26142156689411 46.0
50.3075538605875 266.58193423780153 228.8420163520283 47.0
50.12858071263954 262.3088886472797 231.27891776838499 48.0
49.95324055333828 262.43228193368856 231.02655905862864 49.0
49.77897176983109 264.5919771878991 229.60692275816507 50.0
30.0 0.0 0.0 1.0
34.109021739130434 3.4052606256024287 6.599651495913223 2.0
37.1117001081501 12.173495936945443 12.683921282429871 3.0
39.59171895362775 19.30130530347325 19.44462477890164 4.0
41.6845802616349 23.060306723173586 22.643361522421777 5.0
43.713442647584756 30.08282715745512 27.680645629623072 6.0
45.57375082076665 35.00876763840158 30.18612932895005 7.0
47.410682093335154 49.21148033742285 38.73700562991016 8.0
48.94725303398073 64.12653733750366 50.04789832896006 9.0
50.17145105571377 73.39870740200328 55.77195420932737 10.0
51.28120472689513 84.27250109482932 62.967647687658356 11.0
52.25392053469892 94.96126738858142 76.57572048690432 12.0
53.018174186855134 103.89511460813162 80.94302675097548 13.0
53.71964963224394 117.1018028714023 91.27558808666481 14.0
54.28840928010344 126.0056048440581 103.96330218658625 15.0
54.73614044618857 142.0762999361478 117.47634851579613 16.0
55.05914581172703 154.13535912268213 124.0567057110611 17.0
55.319902438238955 168.2535108727738 134.3168097132396 18.0
55.50142402959867 181.85427459992556 146.94249507779293 19.0
55.60490016722717 188.2303721351329 159.1792304951262 20.0
55.65576781941216 201.98249220736318 170.1185099934319 21.0
55.65018043575267 213.96457995393325 172.62392142830794 22.0
55.61642960964565 219.7659878295778 176.2563104533541 23.0
55.563885778900605 229.23044818389843 182.95459965521067 24.0
55.480659442170776 234.34599069112963 187.91683484377586 25.0
55.37936277322261 238.40573568778942 197.92782606392566 26.0
55.254156982069816 241.43596816706977 204.14266254540104 27.0
55.114733236724284 246.5814679319101 203.70445749495443 28.0
54.96861542581125 250.657239373817 210.82268177138448 29.0
54.80672691062935 257.7158663546508 212.29057821159375 30.0
54.633240659537044 255.14178559213977 219.5484801185333 31.0
54.45511747616691 253.2649012714203 218.47860715394967 32.0
54.28193294831411 259.370949376693 218.56161846214783 33.0
54.10096804229172 262.8020869284504 218.39104080172282 34.0
53.91641057012932 259.71707222706084 216.65069822244655 35.0
53.73928073203931 262.09346867242175 220.91868494512164 36.0
53.55478104343351 260.5463970216035 220.6775110657552 37.0
53.37370001624143 259.02736722654333 221.24694892446658 38.0
53.19500950459323 257.20974994383926 223.70437602653735 39.0
53.01690070218955 257.59615331057444 222.77881125007883 40.0
52.84030244637257 263.4418838687077 226.54695008236385 41.0
52.65291587349099 267.54958438382397 233.79903414622845 42.0
52.454033721687104 265.0263823842677 233.3297542115272 43.0
52.25996626909607 267.6889053422245 237.15913552406548 44.0
52.06013584527726 267.7416313270805 239.5137002282876 45.0
51.85930897898234 264.92338349105154 238.15483150608384 46.0
51.66434393392405 268.1368314335258 236.4140304911191 47.0
51.46837914495004 272.0565207474833 233.78683695575185 48.0
51.271396108038005 271.5514279209424 239.74608412737302 49.0
51.07089421908252 268.2446193805147 236.4125715938349 50.0
30.0 0.0 0.0 1.0
34.109021739130434 2.5527160008441463 9.122633030854297 2.0
36.74852599065768 9.5128589608015 12.3441986479205 3.0
39.24399956289888 14.758546925718887 20.370400163820815 4.0
41.26985908209625 19.902690971771143 25.015966748018602 5.0
43.148163810016335 30.938838450050092 31.278524260116615 6.0
44.804187508121395 36.92762433966959 38.06062344511727 7.0
46.27812160828177 49.00523840426579 47.33740071070248 8.0
47.51150903989127 59.97584140346808 53.04768886925271 9.0
48.626027166591356 69.8841418838309 59.53596135461108 10.0
49.620997332468264 82.40269957911485 69.90533716080145 11.0
50.44269345703118 98.25308376930154 76.07247128978516 12.0
51.157537922612676 110.39780368816896 88.53239759318811 13.0
51.72211604893081 120.24975949643864 99.8816711898089 14.0
52.176292980226656 133.93691307821481 108.42809561469693 15.0
52.54412389717018 144.7168367076712 122.4743023907045 16.0
52.81182157753873 157.50074685073037 135.1267412746514 17.0
52.99694785429646 171.70655276809939 142.2176854156336 18.0
53.12728439894868 188.20793066722598 152.6364300542119 19.0
53.192116448713904 196.45660237816412 164.05786569626693 20.0
53.210343647886965 207.9914969572897 174.30120008866928 21.0
53.18443256265879 220.14347592439916 182.73076990894495 22.0
53.121343036997615 223.78936370363658 184.52040330690787 23.0
53.04919323174176 234.55194854339481 187.8798200877518 24.0
52.95440624406247 244.1173219362715 195.38839118750408 25.0
52.833210440915046 244.97557009431554 202.78086394267095 26.0
52.70028510873522 247.55583896653232 202.90737131851154 27.0
52.56403967659939 252.0491376350244 211.21957093591493 28.0
52.41105243684685 253.11214356555075 214.78122489991705 29.0
52.25292664525174 259.1747474793516 221.51252775689213 30.0
52.07980884937961 256.29047464887327 222.40599650064732 31.0
51.91031332444448 259.60623547784496 224.5894371251674 32.0
51.73513512623245 265.76894604526063 225.19891774909365 33.0
51.55258077212976 271.3106353256668 225.23765955836822 34.0
51.364172126395275 272.2317812879473 223.19286789270365 35.0
51.17777969961521 270.71871235652725 222.91179072038264 36.0
50.994630918024704 268.11478367396796 228.70179879217534 37.0
50.8100139378031 267.02469218564465 235.6761978327878 38.0
50.62123373524444 261.7765148866067 236.1137657774296 39.0
50.43919137041385 262.3090647957556 242.910061756983 40.0
50.251513331588704 263.04777345925584 240.96337568304392 41.0
50.06583255736384 263.1821093455167 247.0656665408193 42.0
49.87591794260833 263.8850720232899 251.07067164468688 43.0
49.683164112589026 265.46489205038193 250.38296784611086 44.0
49.490496862292474 267.88137229842215 254.90136847805184 45.0
49.29307270186643 268.40982288408856 254.22456442507112 46.0
49.096879513750146 267.80816651339603 256.5285485454362 47.0
48.900842100323175 263.18720243639837 257.07784876926416 48.0
48.710224263962985 266.23823160843716 262.23279904726405 49.0
48.514128094965145 264.8415261956193 264.5317308269933 50.0
30.0 0.0 0.0 1.0
34.109021739130434 3.7575453714630247 9.655747975519382 2.0
36.674053777501726 8.948110381633231 10.275216210121593 3.0
39.4003292648 17.58946452664842 20.50003779691675 4.0
41.41597325211875 21.880925181901283 28.39722015367354 5.0
43.127444860878434 30.646619578720706 35.887681802102996 6.0
44.6083361072656 37.43372338846289 45.52250156366121 7.0
45.853550866746055 43.25283568959621 52.793732245214095 8.0
46.96517513861552 51.25902542371621 63.11209230888031 9.0
47.902651606459976 61.03116717576693 69.77027967308821 10.0
48.740944527091024 70.57108957265132 73.54847033683784 11.0
49.52512199448696 82.82387355272952 78.23874349168533 12.0
50.23742378059921 91.97253019374789 86.8677524149166 13.0
50.84939603973098 101.04158522690796 94.31706118653693 14.0
51.3821801881322 109.60470793124576 100.50462629345648 15.0
51.853176979430486 119.54402645202123 105.59476243913235 16.0
52.27031465320468 137.42913261863964 117.93456377506739 17.0
52.57529464100311 146.60049617240023 126.56721398794248 18.0
52.81921443511936 160.18344172711275 132.2715866800644 19.0
53.01071938414747 172.152089666605 145.93536802200532 20.0
53.12717485113724 188.26122191922076 157.32222740172944 21.0
53.17817143614932 199.55125796618142 160.5212430461738 22.0
53.20013962162434 211.1780518713833 170.40780085536827 23.0
53.17762357691088 216.38655988582627 176.62833030258213 24.0
53.132878448903384 227.96236029815736 180.32872266375188 25.0
53.06200863647494 230.72355478970655 191.1377865941027 26.0
52.96746934122663 233.3955287744171 194.09390968423168 27.0
52.864244812996645 234.46974759506077 196.27201315537613 28.0
52.75623659231637 240.21803054047984 204.27671669139954 29.0
52.62823582495486 240.01510163820132 209.98264054094602 30.0
52.493058768719116 246.77960133522825 215.51473278652333 31.0
52.342093389007616 249.1625091714461 223.8348350865083 32.0
52.17876173762358 250.69206918302774 223.13098599942649 33.0
52.01509315450547 254.63590321079053 221.45893840244042 34.0
51.849108767340255 260.61275787652073 223.98398397054333 35.0
51.673646329499896 257.8310149181384 230.26947888584772 36.0
51.49601465510617 262.82984095897365 232.42504762464742 37.0
51.31119057235991 258.26063143255277 230.53005917255828 38.0
51.134774492659396 259.69413945461116 229.5243042555169 39.0
50.95862354090337 256.21241358097404 227.5781218517 40.0
50.7895720590319 259.5218780113726 229.5964624688217 41.0
50.61545097632461 260.7720981744959 228.96908235673226 42.0
50.4414298328248 257.57567527708727 228.71338227482792 43.0
50.27235188394427 263.4867364328881 229.44386750408842 44.0
50.096598078561456 263.69100670646316 229.11832498619967 45.0
49.92189783541411 265.2889098238966 230.10993988915763 46.0
49.745408639396885 269.39348294876686 234.48731286817554 47.0
49.56135688481955 264.69209753369717 238.3190732177339 48.0
49.38022279215087 269.025774210914 241.6062355076493 49.0
49.19272375086296 272.13076720031404 239.23710644991803 50.0
30.0 0.0 0.0 1.0
34.109021739130434 4.707820890734114 5.808788802328923 2.0
37.238356858690864 6.0118415768857325 6.557254273691144 3.0
40.59399778590097 12.853336982607978 13.672172566566221 4.0
43.30211476590052 24.131550101210447 16.083923211788246 5.0
45.949203215698944 34.20158079616757 22.3143360241392 6.0
48.25772597143241 43.81596319518916 25.89457799399406 7.0
50.448408467578425 51.97276819473493 36.205481675093196 8.0
52.22918542918188 59.75613382736012 41.23939627812389 9.0
53.87660493844644 73.01791349492186 44.87228952413785 10.0
55.41621916502763 85.61998384743508 57.52423065371286 11.0
56.629057158761654 100.17410466879669 69.27552404322982 12.0
57.59653638605126 114.83334133909007 77.5933480956768 13.0
58.40775161848435 129.03473176313963 86.18292952990923 14.0
59.07794672146334 144.71220864008015 97.51974776131671 15.0
59.5920308541144 161.80224673343025 111.29874975938084 16.0
59.95060355204064 178.88526241568314 117.32946068433864 17.0
60.2228248086258 191.3701593564217 122.93426695238865 18.0
60.42922676229167 199.98081416438794 127.15205033376617 19.0
60.59097174222985 210.87760614141615 133.14572768422428 20.0
60.695902595838156 226.8115654490363 146.18003230997618 21.0
60.70915473450613 233.5156593339263 154.9590287310868 22.0
60.677602797108094 240.00116907586172 160.4932258017265 23.0
60.61489905678517 243.6156026106856 163.79873512732362 24.0
60.53519376093744 249.6332083874187 170.3447044712013 25.0
60.42604552299293 259.0640658400188 178.6119544643669 26.0
60.278906871154064 259.1847116235518 180.8912746260095 27.0
60.12748698818272 260.2226047343113 186.91973660261522 28.0
59.9628612419066 263.282117272325 194.25528821345824 29.0
59.779854687541025 261.7460148424525 198.34797176428586 30.0
59.5937287298109 263.97801210442793 205.2250224393926 31.0
59.393515876350726 264.36832281624316 209.64582321838714 32.0
59.1871093287021 264.3813956350344 213.7211536543402 33.0
58.97602838197199 265.12871661794605 214.6836553569301 34.0
58.76365102020409 263.64106923620506 214.8100273654203 35.0
58.554900644273474 261.7777367623467 213.4814595677133 36.0
58.352388853183186 260.16017764797635 220.31448121589847 37.0
58.144298130710936 262.08042343214714 227.56919752545087 38.0
57.92509953545312 259.40667311741225 227.98908443470756 39.0
57.71089221368601 263.96984170004094 230.4419981130351 40.0
57.48814327999839 261.8100458521379 231.97767852993996 41.0
57.26826214458032 265.0495120589855 232.94384093609793 42.0
57.0439224796659 260.8821344966654 235.57783037886327 43.0
56.82411663900376 256.67692830845345 235.78226961442812 44.0
56.61153178703283 258.6752830354057 235.7033720866895 45.0
56.39753751010619 257.79228830604706 238.75750461456036 46.0
56.18272197119184 252.8532786496761 238.11680087830862 47.0
55.976841860396824 253.04007489203207 245.11644668284873 48.0
55.76428447618947 255.972647122023 242.47941111225154 49.0
55.55195433851005 252.54943076354536 248.91946934061468 50.0
30.0 0.0 0.0 1.0
34.109021739130434 8.043957398952577 8.168538745397516 2.0
36.84324709492513 18.86206757134095 12.549166695382066 3.0
39.27208132438187 30.37609421523863 14.937637224036374 4.0
41.629145580835434 41.406128351922945 23.50566754262833 5.0
43.50996667122702 53.51840026873789 31.94754787547502 6.0
45.05963244547654 68.54010653157204 43.25729159178377 7.0
46.26720470133369 78.68298399337282 56.231405815140974 8.0
47.208835608522335 87.52439266700509 66.81325302003835 9.0
47.98795287478101 98.62581142069283 78.64576043807857 10.0
48.61421580860681 114.05813469106478 87.60996753569009 11.0
49.12824645230583 132.20327064452357 93.24772629337328 12.0
49.56076275940152 142.8638014545056 103.8081111005701 13.0
49.902932705042744 156.73834477493952 116.23239711125619 14.0
50.150673543292555 166.93778570733224 124.70720924058053 15.0
50.3412324376545 183.54486584565907 132.1039290000115 16.0
50.47168350951647 198.21353843496007 141.8192457689682 17.0
50.543206153671726 209.3916667038475 150.21732943213047 18.0
50.57142183989546 219.52596586569254 163.08652873344914 19.0
50.55191872833449 226.53492043392967 166.93678079616276 20.0
50.51319529507381 237.34712250232653 172.09689634864395 21.0
50.44783238645807 242.51398861405704 177.091231198633 22.0
50.36600138175346 252.94463826766466 185.8730829269644 23.0
50.25534826916687 257.6222967942597 191.44693262882473 24.0
50.13063373902355 257.72912630489395 196.98664404038647 25.0
49.99887931670193 266.29764910528024 200.28171623263657 26.0
49.85233445198105 270.0027128222499 202.51263554912845 27.0
49.699086367830866 274.9550135547535 207.32439722309738 28.0
49.53503361795485 273.526162161833 212.22655764202332 29.0
49.36847820404494 272.5084136962995 214.44284300431204 30.0
49.201790039878944 274.4314761534104 212.25664228561973 31.0
49.035905299434084 271.7630246033795 210.56603547167575 32.0
48.875809243630144 270.4865463272532 211.71488586271624 33.0
48.71687530975926 270.122509526868 214.30374307301122 34.0
48.55657499576619 267.66204532899997 212.2264315742779 35.0
48.40204688911376 274.3862939650412 220.23624662648066 36.0
48.23290290947668 271.26383633278897 222.76854538293617 37.0
48.06584387258103 273.4234343617831 220.55965893154848 38.0
47.89932338300317 274.4500442559336 226.7317773450663 39.0
47.72718462442536 277.6370499510218 229.0789518730196 40.0
47.550704255083915 279.29656917232285 229.38513107183064 41.0
47.37328031200338 279.0975317811789 233.53910168235828 42.0
47.193842810376566 273.2785380961667 234.18444940968277 43.0
47.020843426388375 268.4125512334561 231.97939667025585 44.0
46.85548696739135 273.62118352594877 231.04032944613405 45.0
46.68656351023532 271.89139622071093 234.21001275765732 46.0
46.517818117423495 275.98550803619105 238.94091633857803 47.0
46.34249604401912 279.4495220951821 237.13742069948142 48.0
46.166200436403614 281.8964841679437 234.04012554012135 49.0
45.99084804114272 278.2913231193674 236.65546044587092 50.0
30.0 0.0 0.0 1.0
34.109021739130434 1.498614615098084 4.5617999217107785 2.0
37.501118140144385 10.97216859166771 9.64938831636032 3.0
40.38057171488662 21.096407449013366 11.371351266196584 4.0
43.26884099901316 33.267446089736026 15.016645750690122 5.0
45.952119504763964 45.18108437738848 22.62953067949471 6.0
48.17331250946619 57.18670747314506 25.7423674665479 7.0
50.28621299614275 67.28291874759894 37.57549863891063 8.0
51.92628307477188 83.33477806095475 49.58832758031301 9.0
53.202165946611565 97.0511525107471 63.25680823839159 10.0
54.182127610020984 112.6905134582543 75.31498852294338 11.0
54.95026203447882 124.6149468804521 87.19704848093104 12.0
55.55858896518967 142.59777262212276 100.02891544731136 13.0
56.00787460984659 156.28361941218938 112.03935810598311 14.0
56.340422204159744 166.11133300478843 121.78152491204116 15.0
56.59425500224229 176.19690230058862 128.56603334623853 16.0
56.79092635807189 189.82341398934366 132.69071591729852 17.0
56.93728510227713 203.66333115675315 136.57165562524747 18.0
57.035696942241415 210.5751253120246 143.84992256669662 19.0
57.091896012797854 222.76203894372787 150.52651416842002 20.0
57.09966937642156 233.00588425154675 154.92132932292105 21.0
57.072821360866165 242.74924521983854 159.0959832576473 22.0
57.01467035080417 247.73392779834813 160.5620925452101 23.0
56.94279836274406 255.21522352508 162.39719802129014 24.0
56.85163322185981 262.6490766576719 172.00311158064295 25.0
56.72569709104767 264.21174387886055 180.87844747930868 26.0
56.58058808281868 269.87126872693597 190.00799594343297 27.0
56.41070388128534 273.4356969928455 190.37257730284486 28.0
56.23501047508662 271.4564950015976 193.66530964761478 29.0
56.05858171905973 271.10024995219845 201.39738152227565 30.0
55.872457455802255 274.82747468578316 200.77184477770783 31.0
55.68228305145301 279.4537349400515 208.6045751392722 32.0
55.47573974720677 278.159574308012 214.7554433932798 33.0
55.26501689982231 278.6676786783179 215.14399890697297 34.0
55.05445064454921 275.7307477067158 219.7703773592977 35.0
54.844200120726775 271.48980891133067 220.66299258247125 36.0
54.640328892995136 274.0807985227262 225.73383219884724 37.0
54.42850843884734 273.59155574829583 230.65692359348589 38.0
54.213568266079825 267.91694642985357 236.12283625926153 39.0
54.001987216820204 263.6216528533738 242.69489684125742 40.0
53.79078588347926 257.8733302199276 243.58374643079065 41.0
53.5872770633585 253.84006607901372 243.98929907042287 42.0
53.38963012291306 256.5967893878456 242.18625188819365 43.0
53.19155817632605 252.63300623676517 247.76654646525736 44.0
52.994074064405275 249.9687728245796 247.8052431777557 45.0
52.80092760750447 246.66172617376162 253.40018687946295 46.0
52.607490766101826 242.7317578557903 252.9308611974845 47.0
52.420175420631004 240.6361149120054 256.42981413060903 48.0
52.23303648978742 243.16095476428436 256.4728184650857 49.0
52.04408129464018 248.08130260640564 256.3057722512694 50.0
30.0 0.0 0.0 1.0
34.109021739130434 8.086340466132176 9.003273108161432 2.0
36.730692484249424 14.488664439360626 14.742322574207058 3.0
38.96803508931585 16.848867179935443 22.32786781165096 4.0
40.841772874887006 23.515845019327386 28.594712081560047 5.0
42.49940182796629 32.31706333782536 39.431536898258756 6.0
43.82616722354473 41.80777662770257 48.645627824599416 7.0
44.94617932010785 49.65306291417171 54.284274451887974 8.0
45.96996320660286 62.66272236665079 60.78069646232455 9.0
46.87554013023681 70.57759948845577 71.3281115166006 10.0
47.6349825815101 78.66370014280179 82.28169897122609 11.0
48.26842246265755 88.88893082058408 86.24360977255817 12.0
48.85166749514299 103.07467705081844 94.59387522240182 13.0
49.34014364683594 120.02530135465697 100.54337204314675 14.0
49.75307174462488 129.21002215680357 112.28087973251986 15.0
50.07844102421751 142.33013096965684 120.72142591643656 16.0
50.33607044528591 151.02685264798436 128.72968802755344 17.0
50.54256832042379 167.03108607343654 137.34079222044844 18.0
50.68640867228243 182.191337253773 148.7590526447407 19.0
50.76620126136807 197.971710271816 160.799355579309 20.0
50.78697288590826 204.8859321375243 169.6110898373103 21.0
50.7763697792913 218.86798517161407 176.12721891696643 22.0
50.73102923948158 227.6903006557938 178.65666142629658 23.0
50.6678524997589 237.04175913433102 185.22708642894193 24.0
50.579930967674905 247.61364007078416 191.4207498836391 25.0
50.46786474286144 250.26179471937894 196.6222595682078 26.0
50.34525874470319 258.5243453709673 203.63711856690296 27.0
50.20317171663302 263.3274682222568 210.08792671043489 28.0
50.04805102748024 266.6944659002908 217.01563697988922 29.0
49.88209391446621 270.04361472218517 218.4952951088982 30.0
49.71149579386855 273.1370301969714 222.0467236215048 31.0
49.53473046438843 276.2906383202865 226.48135978533227 32.0
49.35126096034707 276.3692892844135 223.86567874222058 33.0
49.17114860848009 276.74215106850386 225.43594268953433 34.0
48.99025823240814 271.91866616602897 231.395679901186 35.0
48.810560108720836 275.87712201566757 234.21572060515655 36.0
48.62526293764311 273.1143949641495 233.10118935137552 37.0
48.44496462388943 270.86527052570074 230.0561519940644 38.0
48.270713927175926 275.1396171606586 230.60574031241705 39.0
48.09242492447458 271.69443550476086 231.72452535168344 40.0
47.91788903281551 273.66976758277934 238.60339776974314 41.0
47.7367741027449 269.3657150782278 239.52346912902513 42.0
47.56036987377459 270.8837397361799 244.30640279905157 43.0
47.37983265372287 274.1999422039991 249.06950229577487 44.0
47.19372796203153 270.7176048722567 251.03777259813995 45.0
47.01069856476492 266.2905033407666 256.37504973311246 46.0
46.82920562895055 261.8815558083958 256.85239223475327 47.0
46.65249642588755 259.3121643796938 257.3976925095178 48.0
46.47876564435669 262.1199708851142 257.6699889822892 49.0
46.30333963128008 256.23151079208156 262.17948954122613 50.0
30.0 0.0 0.0 1.0
34.109021739130434 5.6460692152089 7.306031076040183 2.0
36.98468611298044 8.11062291106278 15.282854886203832 3.0
39.23258587132578 13.869274335921693 19.592901605331562 4.0
41.31412908585391 16.07435800482744 27.11655600954406 5.0
43.105560960178096 18.85112726527604 29.579038345777292 6.0
44.888308271769375 22.84990492113003 33.45142614217072 7.0
46.598331707902055 29.26561506377374 35.61490212849076 8.0
48.295060205597515 34.9464701330605 41.90422245884538 9.0
49.83721309581063 47.237259953635046 50.59092093968856 10.0
51.154574402010425 58.00141342188927 55.30580809725011 11.0
52.37254966097439 71.15285263389185 60.57744077154297 12.0
53.475050262520874 81.08372753803276 68.06711408572124 13.0
54.44326890512874 98.20209218723323 75.90977421700363 14.0
55.26085445535227 115.39604422443001 85.46589330812 15.0
55.92335215877389 126.79508469383916 90.75942025203784 16.0
56.5073563677811 141.28778557371407 104.3032873608954 17.0
56.940759610150465 150.83956728783707 118.12524228983253 18.0
57.260147950264646 161.7754686386888 124.0434952392866 19.0
57.52037904308375 173.55022747608183 131.74358432638053 20.0
57.7143049274281 187.97270862068558 139.66531663392377 21.0
57.8400548383023 196.61888501169238 149.8526572794771 22.0
57.90828160636864 210.634890280991 161.58053958176737 23.0
57.90928197016681 223.13749949364308 166.45029720667245 24.0
57.871198848192286 226.65462330804078 176.24835034937882 25.0
57.80218221874794 235.87535743347667 181.30064043656762 26.0
57.70463009282626 242.06594265316224 190.9438468818281 27.0
57.57694751486764 246.15306441929636 194.48853690596908 28.0
57.43612039197409 246.33834451805535 200.92192242287263 29.0
57.28459257742612 252.23897090224776 209.22669441996766 30.0
57.110987291739164 254.93511325790607 212.0426488605708 31.0
56.929857615266904 253.1158366979212 218.169581542308 32.0
56.744027352503785 255.53544701005845 219.11079886463628 33.0
56.554257118180814 254.459477466954 223.25319364829514 34.0
56.361787653243944 254.03572150679506 223.597945242273 35.0
56.17060557352465 252.14392693632263 222.57317247467063 36.0
55.98460339944629 251.28228171404038 227.04390113993924 37.0
55.79524483097758 257.6476101181228 232.0342148024141 38.0
55.59199363702614 254.23403892883437 230.5039809256038 39.0
55.39652025137616 250.6763125118589 234.55404034556614 40.0
55.202401778446436 255.37915456782153 233.5843056498248 41.0
55.00410059895399 255.39990227089876 238.10237926500105 42.0
54.80197650826866 251.82682466429654 237.4127425686314 43.0
54.60656366674001 249.39964312809875 240.0173436119922 44.0
54.412644028410746 250.66260669594504 241.59135705330544 45.0
54.21654206894935 254.1652836842227 245.6861576229673 46.0
54.01295107020704 249.4444542238992 249.8913222135349 47.0
53.81229872526703 253.14685601324578 248.09706646937298 48.0
53.610082215609076 253.10879697921283 246.78653821200558 49.0
53.41043291733449 256.32130877039447 252.35910158996808 50.0
30.0 0.0 0.0 1.0
34.109021739130434 1.8683592716585506 4.702801284828084 2.0
37.469492551760204 10.745749128753186 8.591486304386207 3.0
40.49300837799107 16.3571209396254 18.888741884407345 4.0
42.71495971679221 20.441325424354638 24.459038067658824 5.0
44.726206084464906 29.71260303416264 29.119458638519905 6.0
46.585176846070475 35.5896022902353 37.18371287143679 7.0
48.19319325175272 41.095840229230824 48.283349656454334 8.0
49.52017468577726 52.053459182444335 53.55432071595689 9.0
50.73459299329205 66.18071418974297 58.98907011825452 10.0
51.82830176295002 80.33428330284559 64.2850364264525 11.0
52.810521842760544 97.36761899636532 70.89808946531849 12.0
53.657527786120866 110.32020584933949 84.5229717537638 13.0
54.31306598992979 126.88794160153506 94.7256608460807 14.0
54.832603306423536 140.5429123919802 102.87991850020094 15.0
55.25614890055549 155.5337390433052 116.55675369906115 16.0
55.556030218221714 166.51930940767494 126.15562387567698 17.0
55.78060491819222 177.72081388620887 134.5038705951773 18.0
55.94250035532371 193.07910196149703 142.4658717646438 19.0
56.03956619184098 201.58577749768244 155.23623457084207 20.0
56.07648145221947 206.83670795625264 166.02824495692462 21.0
56.07246283746934 218.5061959682565 175.21446750270727 22.0
56.023969749272254 227.14330284580717 185.406869524416 23.0
55.938370988571315 229.4746904487868 191.25944839451316 24.0
55.837720491006394 238.253221190957 196.76745626460084 25.0
55.713045476157696 242.11677586963864 200.20429422424675 26.0
55.576907808936895 247.15859077139748 201.11050162665663 27.0
55.431866613337824 255.44283598475783 204.4413537083481 28.0
55.26947806784885 259.93981446404746 207.45754275892025 29.0
55.09672988488173 265.0934984507848 214.95692955202216 30.0
54.90739626446692 270.30904716632995 222.49895152324515 31.0
54.70271033417936 272.98556857654347 220.78494003753684 32.0
54.497471237033864 270.59673989948277 222.4657413210306 33.0
54.29498114057393 275.0225408818343 225.50793001200316 34.0
54.084360945899824 274.5948963796677 228.21250399501739 35.0
53.872864216596085 272.7728629423359 232.09761914828223 36.0
53.66121046281176 271.20360579677737 235.41072914869457 37.0
53.449692144734286 272.55068874932306 237.937737319041 38.0
53.235422489421595 272.9990028202891 242.84116541156615 39.0
53.01749565303675 268.0627740406649 242.32558652825549 40.0
52.80753889079611 263.1443654728724 240.69003798428955 41.0
52.60646113454896 260.73944554614326 242.4639305703255 42.0
52.40785706291086 259.26108345936746 241.4786930753052 43.0
52.21317475037215 256.40451882712057 243.0030934666717 44.0
52.02160738894201 258.6816821782913 250.02189028151648 45.0
51.8221204903165 259.23056210044297 251.70526881132034 46.0
51.621781549423204 259.3964159849415 255.88279417821815 47.0
51.41897140144744 258.6429797062003 255.78454077698873 48.0
51.21835574704973 256.4652950420884 253.4622053152661 49.0
51.023324369817786 256.50751427905834 256.2241824549405 50.0
30.0 0.0 0.0 1.0
34.109021739130434 2.691375043327058 1.5071523881041538 2.0
38.25351029826141 7.168261139355446 9.256813402012337 3.0
41.29273760471704 14.575764860829876 13.051835703891921 4.0
44.122734996574344 16.93701061690337 22.83606386425007 5.0
46.35837241625661 22.756535880987258 27.561173816182396 6.0
48.44395072664053 28.7174360315154 34.71659259245619 7.0
50.28990802190896 36.446693923272974 40.94253089876751 8.0
51.9630229728337 48.81154104447757 45.471798373833394 9.0
53.51351713505743 58.19306956638086 54.30318789207234 10.0
54.84929320144051 66.85738161754374 58.04709322018508 11.0
56.11280356985792 82.08862839061993 67.44616517196619 12.0
57.169366205564856 98.53142706458033 79.20185928181243 13.0
58.0099273608853 108.8903568095543 91.45910056540077 14.0
58.68518041481519 120.41719492439519 101.91313184583261 15.0
59.23336408602085 137.346518818791 112.46343887409746 16.0
59.65319437220372 153.60454918014045 117.71309898126026 17.0
59.994202115073705 167.4640417173989 125.68229823279492 18.0
60.25136189994967 175.62942646369126 131.8396998625791 19.0
60.45559673294653 190.38589720004322 140.52284964945105 20.0
60.58208141444569 197.57134256617968 152.1813279893858 21.0
60.645287964927554 209.9383348550561 159.0033503607218 22.0
60.65621852980176 223.11605421221606 166.07084616852129 23.0
60.61605390373688 227.72674522808677 170.44003741807776 24.0
60.553931379973065 238.11617138933718 180.77658465841984 25.0
60.44478277544437 239.52024493833886 186.38861682319998 26.0
60.32086571576701 245.46422596630373 191.19887367388174 27.0
60.17591561796177 253.37094684189992 196.92665561356654 28.0
60.00577571940489 255.5959163152998 204.6735328802728 29.0
59.81912608504975 258.1513508994036 205.98416172471116 30.0
59.62679863320284 258.2444659329647 206.58795790346676 31.0
59.43443322877527 264.80845073332443 210.41285228330923 32.0
59.22588009413151 263.8983131529785 213.95931317178733 33.0
59.01503600436252 263.5451438199643 220.77142019634903 34.0
58.7966873593525 267.97101502173206 220.58751723213763 35.0
58.57279832752888 265.3125776843417 226.16211302215928 36.0
58.347504796039075 266.1734341331669 226.35298332193454 37.0
58.12212371819441 261.88672559820327 224.50868881482978 38.0
57.90723707479475 263.57833923005757 229.669124409622 39.0
57.684712154649034 266.7818725323059 232.01959859341898 40.0
57.456062841922154 270.9800446539392 231.7570720086619 41.0
57.22303477454066 271.9603804848216 236.94286819306228 42.0
56.984500680425036 269.46247818716046 237.92015096017082 43.0
56.75019429141437 266.07232174205353 243.01928553736818 44.0
56.516912050909895 263.94336222441734 246.03742735119565 45.0
56.2850675300007 258.96596584916796 250.38768918928696 46.0
56.057100232270415 262.1185077692915 248.03557701651516 47.0
55.82886310509017 257.29308207443023 254.2051382668833 48.0
55.60240918984804 254.1874472893075 257.85881365054416 49.0
55.37792523470413 249.1453102467998 260.0336742231846 50.0
30.0 0.0 0.0 1.0
34.109021739130434 1.815160105931768 1.695889406342732 2.0
38.20517562209875 8.44641804342588 2.569888906947392 3.0
42.527421682948685 14.721844010108423 7.500710143113642 4.0
46.25010189939741 24.210459003339963 11.39476139356874 5.0
49.69411795256511 36.675903544895505 17.09420295991518 6.0
52.708748124751274 47.30318728302073 26.58785560786334 7.0
55.140247480278376 55.886706795860995 36.48248203202661 8.0
57.14938149626193 69.2922164187559 41.58879405002903 9.0
58.97693514155658 77.96674690958201 53.29833371272096 10.0
60.46488948828222 86.10403682130028 63.26759604146135 11.0
61.72622809243366 100.07108631284959 67.6801433037538 12.0
62.87053225459245 116.31783272652888 79.13559923111353 13.0
63.77721033955211 134.40333189804076 92.124177009254 14.0
64.4581777855044 147.87182477437113 98.0848462050734 15.0
65.03360698709236 161.66363309789136 107.72647423310967 16.0
65.47683560102058 177.94615436769013 118.46103821732987 17.0
65.78621633246212 194.2454087430745 123.10476466880218 18.0
66.01277123409726 207.22731158604162 136.580099859579 19.0
66.12592994499627 220.27787971258888 147.6757203131398 20.0
66.15144311522397 234.36379768210924 157.5443668381456 21.0
66.10096288454766 244.77684051338653 168.07537689386953 22.0
65.99013264877271 255.80817719919006 172.23120698041186 23.0
65.84022120902246 264.4224303274187 173.0870198699316 24.0
65.66724187122844 272.8788271243232 177.05819363093732 25.0
65.46500173965981 278.46884687442366 179.26076166614317 26.0
65.24568608356272 285.1632129759617 180.7299382832038 27.0
65.00886226036036 290.23396193325857 182.02278057944955 28.0
64.75928179372997 294.704358122139 186.9163868637209 29.0
64.4923169303199 293.12863665771266 192.90041696773196 30.0
64.22066828504286 295.93061429034975 194.6659156623807 31.0
63.942226795097824 296.59674282814166 195.3113492163312 32.0
63.66359722079949 296.7808652079722 192.5368979585132 33.0
63.39125896327441 299.8321702196369 198.56333155469383 34.0
63.10541835990213 296.45023317517314 200.28737299547078 35.0
62.82629774025631 299.4524728421323 203.5739867005749 36.0
62.538729459444546 300.7202228928878 204.61353359116427 37.0
62.249656062934555 294.5967665363999 204.7761712409239 38.0
61.97467088369094 297.94489338071014 209.60706100504729 39.0
61.68897111588652 291.3794440651831 214.5205528168823 40.0
61.411356034618215 288.7611384945676 219.08298939078165 41.0
61.134843980152446 288.85040158773126 218.67340766894716 42.0
60.860924741439646 289.6339954603373 218.95219738698032 43.0
60.58748687912688 289.03466549564195 221.07575025861723 44.0
60.314675097469 291.1301656467331 224.36965142286977 45.0
60.036606023174194 289.24540791980246 228.49863311537487 46.0
59.75921472895458 290.9156777335263 233.68294674230933 47.0
59.47574779918104 284.0911402689683 232.51426898960486 48.0
59.20669088209683 280.9138146421415 228.2362837712473 49.0
58.94962896567999 283.4486554122916 228.3335268230517 50.0
30.0 0.0 0.0 1.0
34.109021739130434 5.600709546728111 8.008966808864482 2.0
36.88116967307743 14.108913115620972 11.485734432404922 3.0
39.4547771920358 19.043127290573686 19.90026050342678 4.0
41.50696772071718 26.55876305922694 31.019060495565093 5.0
43.09114777747989 36.6159951218808 37.058765773979886 6.0
44.50664701589882 43.826260104604344 46.022735202123 7.0
45.711469445738786 55.3082328276364 55.830501425198975 8.0
46.71708780330655 64.9672652439107 60.39933373555963 9.0
47.64733634974876 76.99411678357214 68.98407348747642 10.0
48.44119396280737 92.82910413899731 78.74514628557529 11.0
49.092932846986194 105.88831063586153 89.62623758710205 12.0
49.619647141685476 124.13043135693553 95.70084756230099 13.0
50.06165396656892 140.59205585757434 106.30143539347003 14.0
50.40022334352856 149.8082313896043 111.8826560121009 15.0
50.69020761201768 162.22022872521765 117.7212056605556 16.0
50.92624060625663 174.7888628426786 130.00686797459898 17.0
51.084908709477006 191.21981045613992 136.53727715176692 18.0
51.188610768113485 198.84547246349672 148.80200314986513 19.0
51.24042032534684 212.80882569990422 155.69630906527354 20.0
51.249573549270174 221.19114711796715 163.58438175672796 21.0
51.22616896447637 233.10610051016104 168.8922659079172 22.0
51.17244107421123 240.55518234362998 178.54096403834652 23.0
51.08936169951461 246.8474794491568 179.7608174698005 24.0
50.99497261012196 252.10606799549342 187.39021396085127 25.0
50.88112346186319 254.94376250372164 189.00662255916595 26.0
50.76124470942606 264.31514411169104 189.5542657619489 27.0
50.62782642560845 263.3845660769226 195.54593035129338 28.0
50.48825040062514 270.87051396380303 197.43138403059456 29.0
50.33681802849925 270.6837265905096 204.49609403473798 30.0
50.1780135244504 269.53513615053623 205.56678588100388 31.0
50.020264508070106 269.58177733160267 204.38014429220587 32.0
49.86459090265205 276.4690047746071 203.8952605481241 33.0
49.70147691725447 276.7215369705749 207.81021659471986 34.0
49.534699209294494 278.99768547188324 209.6868966459647 35.0
49.36408115510909 281.70263570810675 209.40105411403707 36.0
49.19140341924985 283.17541828867326 213.40630261800945 37.0
49.01403001414547 278.4506860245099 212.1814909609116 38.0
48.84445884001367 277.72590416773374 212.18229163626648 39.0
48.67667766282213 277.9878485235572 213.8899298488393 40.0
48.50785775606383 281.0073510447582 218.46029376738926 41.0
48.33227836573782 278.02396976278436 224.53443884135254 42.0
48.155672519731915 275.1522280435497 228.06908846091835 43.0
47.980175319718086 271.48482276464625 231.6203225980228 44.0
47.80658949231407 266.71949395008767 234.01084363752108 45.0
47.636949500557925 263.1856015996304 238.4693306924598 46.0
47.46818263331083 259.8196761675341 239.6445705826572 47.0
47.30275373520986 255.98405280427303 237.7289277518267 48.0
47.14360378883045 252.245564039589 239.27416106249984 49.0
46.987678148165806 249.69378009642992 242.7085867671385 50.0
30.0 0.0 0.0 1.0
34.109021739130434 4.31372123644212 3.4121598224833827 2.0
37.732142129427274 6.388272138587683 8.680729303357726 3.0
40.80217654565806 12.170656218694994 16.35426158534665 4.0
43.27825744186436 23.3415627043564 21.627762017633383 5.0
45.49237544061088 31.941574548330266 30.7914660146025 6.0
47.311595793800876 36.52148013372307 38.463599249366055 7.0
48.909934947673584 48.05182157468273 47.48187232864111 8.0
50.262510228123695 56.69770135367663 59.96628726142589 9.0
51.35525005609525 71.54990103356303 72.2365271511925 10.0
52.22956555229387 80.40529153725772 77.16462675693292 11.0
53.03268185697632 89.03096955597624 87.8719476836685 12.0
53.70430495178207 105.21319869517177 97.64643396045109 13.0
54.250073455031426 120.67559467203174 111.82762442337548 14.0
54.65603632011596 131.1139937813809 125.87320827349551 15.0
54.957773107833034 144.41757102661796 132.26159914985885 16.0
55.19968988180898 153.73548921080038 140.9339699859431 17.0
55.38437991173884 166.5550293489626 151.0924323731712 18.0
55.504272867928805 173.52174965549366 163.91353290224788 19.0
55.56903525005339 188.44436763820605 171.65332862662777 20.0
55.58431219384424 200.27154385343385 178.9444047277769 21.0
55.56026700237867 207.72086372293805 188.4575395725683 22.0
55.502487343943045 216.39919394311568 195.21418090211546 23.0
55.41716705050843 224.680900354481 201.9217634773817 24.0
55.30687681204721 231.4065476628204 208.86969355825417 25.0
55.175314013682325 234.16522726888064 211.14696153269242 26.0
55.03664636290566 237.69730362571102 214.40740067193985 27.0
54.8885695234138 239.48788591288758 222.6165517309115 28.0
54.72736598295453 240.3797779708673 228.94533914317444 29.0
54.55765128474403 241.65686904859456 228.52320546959535 30.0
54.38756806733682 245.69570751779256 234.13760942633863 31.0
54.206297701057906 244.389210992005 238.0484537698607 32.0
54.02331418472887 242.3190509211375 242.01105496707638 33.0
53.83964310454961 248.05315659100907 241.8598518051426 34.0
53.649918791488155 250.17569487841544 240.3795134723509 35.0
53.46016173537608 254.76647539331128 239.81039956833047 36.0
53.26633649973283 253.17648810256068 240.17748404934423 37.0
53.07526000643889 255.54337160651923 240.53076934646649 38.0
52.88202359592949 260.0534576423352 242.3626247035629 39.0
52.68264629648974 262.8528341845714 244.16146796928197 40.0
52.47944188623226 262.32451281675355 249.51450802433135 41.0
52.273305084198675 257.8664297636331 248.2856642625219 42.0
52.074755045297316 257.2477485151122 249.69041372462766 43.0
51.876876463294096 254.24649189448863 248.09214015085797 44.0
51.685082153867846 255.0173794156524 247.09318231418317 45.0
51.49445809272889 251.4388853711539 247.94408431517328 46.0
51.308238908580215 255.74590222660458 247.4379758987214 47.0
51.11871468113192 257.8058519780576 244.7244452407935 48.0
50.930425437275595 253.8582277308127 242.8012952501591 49.0
50.74942848594231 254.86384982888285 240.54338638788303 50.0
30.0 0.0 0.0 1.0
34.109021739130434 4.249753827420497 6.362679151027713 2.0
37.14544786171929 11.471449266226124 10.809691034237774 3.0
39.83962717863495 16.286705508161063 12.987601730519252 4.0
42.5251908357728 25.01862668907353 22.610765672309235 5.0
44.608980239266394 36.233027584380764 25.57421390843819 6.0
46.60924846735316 50.409851777086644 28.823319556808993 7.0
48.4967588467597 60.582338946269694 33.94461234250524 8.0
50.21499349265511 75.90176439510121 43.167635409390584 9.0
51.62579131671488 83.93954866489838 48.23357070101 10.0
52.921075734369005 96.50777422490452 61.09932701889271 11.0
53.9326071939854 109.6462905478414 73.42467752360979 12.0
54.73042281625987 126.99461939949575 87.01782167973167 13.0
55.328815999838895 144.78237433251104 92.95333083034772 14.0
55.82639365706576 159.08466309202814 105.22976529582273 15.0
56.1938061685313 173.9692640228075 118.0407443507259 16.0
56.44640608766451 191.59650120139347 127.58831522482555 17.0
56.60914322410075 207.3513010795255 138.11432667785266 18.0
56.692225686697235 216.1445962727383 145.11222352673366 19.0
56.73125124557676 231.0079456688792 149.1926653659739 20.0
56.72520226199029 239.55980388015215 155.76028951296473 21.0
56.682771622246776 252.41947632435878 165.61245558681878 22.0
56.59062750108492 261.23384003071527 172.68026378331106 23.0
56.46702798539263 262.5950240398971 178.75192769567434 24.0
56.3298343348461 265.4331386263712 181.88649356908272 25.0
56.182508240306575 272.95378193446055 186.09465135779462 26.0
56.01560249992062 278.5520992313935 190.14463531874668 27.0
55.83371156604712 277.0482291860156 189.48719958862569 28.0
55.65636011782605 283.09180328508313 197.80624017350095 29.0
55.45821339170079 285.743444291314 205.33398373339975 30.0
55.247448483455585 289.77733059962196 204.85280935354047 31.0
55.03242862473283 284.8489408789641 205.59087351161264 32.0
54.82548728398271 285.55165892629293 205.33455565347057 33.0
54.619120565037456 288.51312325339336 205.30478646559396 34.0
54.40965673180502 287.55089862544423 210.79326394223062 35.0
54.19667480958734 291.8525454127036 212.66999214596373 36.0
53.97685067437868 285.78292700252337 210.00778836681147 37.0
53.77016637718055 282.06650373697306 212.74407144880098 38.0
53.56704099735076 285.407759740717 211.39732637125798 39.0
53.361993687705436 285.7083787213094 211.82584453657302 40.0
53.15737800628819 286.4079220807951 213.91191146813998 41.0
52.950875925203576 288.27999549568284 215.04984613195953 42.0
52.741981118522794 287.4678358607979 220.13975918231083 43.0
52.530427199886404 285.6611943215981 222.01016323510711 44.0
52.32082075556828 282.2679635249402 226.45070730330497 45.0
52.11268035068911 284.1748057395752 223.71432543002774 46.0
51.90610665703668 282.62444367918573 228.4832708196776 47.0
51.69836105785551 281.7833921896914 233.06999224442038 48.0
51.4888770618188 282.61833741327416 235.4893135120286 49.0
51.277691656273156 278.98912323886617 239.34724889178793 50.0
30.0 0.0 0.0 1.0
34.109021739130434 0.734212812018713 2.079516080712829 2.0
38.10450599821681 5.457239905120631 7.663154133698811 3.0
41.37835677373676 10.763971602791495 13.224410284123532 4.0
44.22364441280066 18.86135807604601 16.29177047733936 5.0
46.96854913423212 24.953736430023717 17.861174333447725 6.0
49.767225716751376 32.96589018517376 20.14549614959697 7.0
52.5440178064026 40.0268534164419 29.88594462674648 8.0
54.818826374587445 47.65157560632203 36.44590704275038 9.0
56.861260072249145 58.7805440728647 47.709692030205765 10.0
58.523646708693725 72.36133251223119 54.29782044846111 11.0
59.9958339667234 81.41373620903408 62.94391935285027 12.0
61.2709318176272 93.43091419239109 74.45540463721825 13.0
62.311337909960216 109.91628334941626 83.71378885543629 14.0
63.167458775036515 126.7487257062176 88.47681686640468 15.0
63.91093318187172 141.40528986870655 100.77422026843337 16.0
64.47689163098542 156.47661517332364 108.01714023843688 17.0
64.93034812797465 169.98033121507063 120.81702797728128 18.0
65.24668959016597 178.55919861658202 127.43861460579674 19.0
65.49573407404344 194.9388587234965 131.87313428143452 20.0
65.66928506555787 209.56584389152238 143.6561194199974 21.0
65.74244865708573 214.91399410605484 155.89706652531464 22.0
65.75147408730365 227.1067844481505 159.11683641798504 23.0
65.7160597784766 235.6780297737155 167.14179869057045 24.0
65.63263318472026 243.68859181439106 172.1671806271775 25.0
65.51479735012879 253.57047066729598 180.06340213960502 26.0
65.35304792218844 261.54636107832266 181.88752753946386 27.0
65.16891820582883 262.38740485374797 181.2575468382078 28.0
64.98523224646924 263.5491309996939 188.88584384685097 29.0
64.78341341961924 262.1512717074358 196.36230358480617 30.0
64.57090919671008 265.5450876027159 197.82395466879808 31.0
64.34963709761449 271.8849254491246 205.84725442846658 32.0
64.10234540833834 275.07304240308434 207.74742468970072 33.0
63.84721997655804 274.9772054498728 214.4101980974212 34.0
63.58377816338026 276.45439765120125 220.46679336484993 35.0
63.310651359635905 270.9127209074323 225.15132718981565 36.0
63.04335324791316 275.0097714600175 228.1165221825182 37.0
62.76664785867261 273.64171281902514 227.25015875230113 38.0
62.49572032744305 276.3853323614424 228.24592261285824 39.0
62.22072142492896 273.0819408006937 232.68799616172188 40.0
61.94796657345228 271.90326916394923 235.3092712441969 41.0
61.676076944165445 266.94003203462654 237.18964601835089 42.0
61.412276977613246 264.6896419471967 237.02689976835617 43.0
61.15439047532534 258.73265444160324 241.6535702328518 44.0
60.902359722381846 258.5547887720581 241.47022030373472 45.0
60.652654180561186 256.56721903535026 245.0312460064259 46.0
60.403553939180824 258.451601930033 248.96634567000353 47.0
60.14872001271178 254.51123196382005 251.6650845855186 48.0
59.89862880391009 257.2218628213157 252.8809273622867 49.0
59.64493726564738 253.24223755951766 251.22789875905835 50.0
30.0 0.0 0.0 1.0
34.109021739130434 3.8102211107885853 4.208385774611639 2.0
37.55767793186756 6.314079664641598 5.308536956826806 3.0
41.182122960513304 9.73059871153239 8.328887852097433 4.0
44.660466928871514 11.776456775430045 15.752973856852272 5.0
47.546022001258635 17.446476930050984 19.811752959879843 6.0
50.27783178089442 28.967008104932766 25.892060620103308 7.0
52.704224035842394 40.09280591145874 35.099873827987835 8.0
54.72792275990253 48.56720876422841 39.72983045190374 9.0
56.62201915840252 54.71187334582396 48.76507439197836 10.0
58.26191072416043 62.454677194746445 59.37212339110007 11.0
59.64570042245172 73.06739236265722 63.82981174463875 12.0
60.92942301317389 87.29516569215295 70.90020023713976 13.0
62.04938395102442 104.19836007743953 84.38791417599342 14.0
62.91390821413705 121.43229297809236 96.99794043641565 15.0
63.57689973681508 133.80230258040555 103.74341154850445 16.0
64.13798279644145 148.9715186701047 114.29199250273487 17.0
64.5639893513075 164.63775781118085 119.37787293771895 18.0
64.90475488670856 178.9659030521513 131.03237254515966 19.0
65.12986057749352 195.72834147275506 136.50615915064702 20.0
65.27597440700146 209.3678172534832 140.45067359785085 21.0
65.36325913390812 215.44796153251966 150.18462089292734 22.0
65.39251060286793 225.70224571780435 156.79342642183548 23.0
65.36932091378999 238.2704145035711 161.88723757522212 24.0
65.29609861583846 248.7296523423857 169.54809982283797 25.0
65.17404926837483 255.21806365287253 178.3437137054775 26.0
65.01413565327475 255.99163915546947 179.03457478119313 27.0
64.85150464748308 261.2480449176692 182.61239018431152 28.0
64.66917431107471 266.9353080723982 186.83341633898698 29.0
64.46582670648576 273.79798986204946 191.68771298128038 30.0
64.23888350642927 280.27891153782997 198.9112792086813 31.0
63.986621381742815 277.72151333173275 205.48873193452164 32.0
63.730620301106654 275.758292924275 209.44801196332924 33.0
63.4741560703136 275.9941752007251 215.92142940176225 34.0
63.20931889779004 274.5444949914142 220.74501568700296 35.0
62.94227577236054 268.7683050553839 218.92519169688512 36.0
62.69060977816472 272.02245303812356 217.97763176899977 37.0
62.43611032077367 268.6981352169519 217.62885175192744 38.0
62.19010492830016 266.6584857151606 216.97277725106295 39.0
61.95054384357866 266.3644470190253 217.4620925303772 40.0
61.712449610319084 271.46675529332884 219.85248848082318 41.0
61.463412430115376 273.95158665520364 226.07957897216008 42.0
61.203453519320995 269.67248497027936 231.83727036557298 43.0
60.94534872726697 267.5102659330326 230.48693967361322 44.0
60.69448136537777 264.06619657123053 234.4246205166187 45.0
60.44611950572877 261.57678457035456 239.3106138616974 46.0
60.19751205572961 261.2827310175985 244.25866012766429 47.0
59.94527295142606 261.6040387612271 246.3999656076601 48.0
59.691920654685575 256.20257799376554 246.26085338297068 49.0
59.44874484292835 252.95314100809608 246.32329333510305 50.0
30.0 0.0 0.0 1.0
34.109021739130434 8.13856338766169 6.90950301635981 2.0
37.02986600602942 16.42465813057843 8.735424658684057 3.0
39.94609903208813 23.737735620934444 17.448519701137194 4.0
42.19064963933868 31.013504226696465 22.891839576429895 5.0
44.200688656763376 38.23230413597354 32.7252238545568 6.0
45.82865463696758 45.28041322529915 36.04655154364113 7.0
47.39199225860208 54.30813157779643 46.6958625293187 8.0
48.67090546163374 63.93201003565123 50.20771772690314 9.0
49.88062950473012 79.46510455167379 59.65317172621599 10.0
50.882769335401306 94.38680106118612 65.3605900482857 11.0
51.76805323535123 112.27265310500269 76.8067800134532 12.0
52.46219449541823 121.80554298084806 87.43227106976582 13.0
53.02962733826502 132.46979311284323 98.27038681255067 14.0
53.48406425096738 148.2439780025733 103.09214566722392 15.0
53.8674794402303 158.3386415731854 109.36036386705757 16.0
54.188607924175756 175.1423508898256 118.25452801085315 17.0
54.42145286578544 190.02173036732788 125.23216304993397 18.0
54.58761241257056 199.98635308001153 138.2187953467194 19.0
54.680660826884505 213.2749327970916 144.17270872394988 20.0
54.72584608731559 227.4381474396795 147.2259151952668 21.0
54.732745673009184 237.40514860456366 158.7727178987413 22.0
54.68940104547074 244.62420579258747 166.57537315785316 23.0
54.614831583466895 252.579021022752 174.3426204980294 24.0
54.510509781687915 263.0356786649864 176.442580664459 25.0
54.384572203195454 272.83673241790405 185.68076360956664 26.0
54.227510141595545 275.953230691354 193.13623333125486 27.0
54.05534422597693 280.39709334516647 195.04644363683926 28.0
53.87459536626196 284.0136534813394 196.50465042880577 29.0
53.68742695482105 287.5005359057031 195.30769546669143 30.0
53.49757944286622 285.15352192737896 201.2533943968662 31.0
53.305046863020976 288.559039516868 199.99615886746017 32.0
53.11018819891885 289.5857774490204 197.81049237973394 33.0
52.917630280137594 293.7739542649269 202.42850550913337 34.0
52.71484144717505 289.56366498880584 199.60165810122888 35.0
52.522620716068936 287.75819698219374 197.3626585341309 36.0
52.33681577561898 291.57725427378256 198.64615512409497 37.0
52.145134316281045 296.49937925884143 200.4693229010772 38.0
51.94563408439341 295.03174455123946 197.5001623645886 39.0
51.75276584617847 296.1218461172691 196.50780127560765 40.0
51.56067378010905 295.0015634149323 196.52999036190903 41.0
51.37132343917692 296.3623020383676 197.21825833646045 42.0
51.180480171038695 297.16751408671604 196.908196837519 43.0
50.99004858772496 295.137841028007 201.33792400718454 44.0
50.798818127219434 297.0524875271561 205.37475693990254 45.0
50.60212059630258 294.5813544401992 209.8522517720625 46.0
50.40548145293652 289.35306223201167 207.88207115681908 47.0
50.21868643376085 289.97151521386473 210.83009052859265 48.0
50.02933995290447 284.4672974493942 217.53835630586292 49.0
49.84150486198745 286.0085055849807 218.82166518782452 50.0
30.0 0.0 0.0 1.0
34.109021739130434 1.157219735108579 5.707297113814278 2.0
37.28177615885444 6.649923266129778 8.293398266942447 3.0
40.35727743691018 14.751396125385533 10.684775018408853 4.0
43.37316667037908 20.88252251130239 16.93024026456839 5.0
45.97146178118573 27.54588421093831 26.333663022747576 6.0
48.071785377006115 34.911264261830105 36.44949545473648 7.0
49.7947817195785 43.270176578635045 45.77238591554831 8.0
51.25695192609086 52.72689099961102 50.208063946454324 9.0
52.62336662690507 68.04291778949353 62.902833659312364 10.0
53.70262051129878 83.16609612209864 76.37765968512302 11.0
54.54649154793696 91.9327503474529 83.25883414412979 12.0
55.29515734397445 104.54778089857885 95.87423379463016 13.0
55.88790619076008 122.32408891919275 100.23004427321915 14.0
56.399875655828865 135.67691797429825 111.75727053989344 15.0
56.79457949106049 148.9824258034249 122.23649634225954 16.0
57.09352908280098 162.77414640444673 129.6436980393498 17.0
57.32124361335894 174.63197874024178 135.24624323185964 18.0
57.4954811655542 188.89820817785875 139.05502671560293 19.0
57.62065727130745 202.59823765070436 151.5342269150396 20.0
57.669585125266636 209.48813705545606 158.06061502337752 21.0
57.683242486683184 215.37499575414284 164.947774300078 22.0
57.66509162455639 220.05934246081108 171.86430155207987 23.0
57.61970268663002 226.9219804080583 176.18192530650015 24.0
57.55081407105357 230.86082800009578 183.20058736945785 25.0
57.45927599456844 232.85248238539904 193.74550335310155 26.0
57.3434945743248 240.3648507510921 195.9135581955927 27.0
57.21113054154207 241.27483395936466 195.98095570311804 28.0
57.077595856714105 249.69291713396746 200.93348310091733 29.0
56.92203654466749 257.30527518798027 204.0493908919739 30.0
56.74978940951832 262.1784483240316 203.42508836185456 31.0
56.57140450421035 262.57486986310454 208.48591756484856 32.0
56.386104410607054 265.7829125206695 211.2014735755452 33.0
56.193104950691534 268.06675557892675 216.93409602805806 34.0
55.990348948720786 271.4973936892312 215.8006236040404 35.0
55.78507407541685 270.3406452875241 221.9857692102755 36.0
55.57538415033599 273.2424705728214 222.60361823015037 37.0
55.36211703048351 270.8699367267604 219.59894077043663 38.0
55.157127899011186 273.21856594443756 219.3168681550373 39.0
54.95035733656823 268.4322846815722 221.5548571489753 40.0
54.7491451686601 265.0413300617582 219.60434114014484 41.0
54.55625056601833 269.35484022002834 227.19689205787427 42.0
54.34988865496716 272.42669576024986 232.58827921203383 43.0
54.13505043408751 270.65923965002395 236.8562152207795 44.0
53.919684390749644 269.5235166103279 240.2627413746267 45.0
53.70389583966672 263.9383467563422 244.15847465927266 46.0
53.492824488390745 265.5577615905191 246.2398345994193 47.0
53.27918782125439 267.8871128610555 249.92171743312392 48.0
53.06083834081659 262.47174370449505 247.4055319297627 49.0
52.85268749168196 262.4175325989451 248.64834047666022 50.0
30.0 0.0 0.0 1.0
34.109021739130434 9.238738268829787 8.502337111850817 2.0
36.789916449808544 19.00963806176101 9.70340136880031 3.0
39.53490934509611 22.05725093867877 12.924208778186998 4.0
42.16099340987411 29.640235074926352 18.797298731739968 5.0
44.45126973700198 36.98157091472204 22.495577088175082 6.0
46.61960814576926 47.59948653498876 28.15337436152269 7.0
48.556229892166506 54.05144168134602 34.23941355195336 8.0
50.299401155305674 68.15775386654457 41.63235296638942 9.0
51.79761978928195 78.63758878104863 53.419389710039425 10.0
52.99805672712761 89.4133927849426 59.52892440828254 11.0
54.069813736145086 106.25020732438202 73.76105023223143 12.0
54.87856552018903 124.57486075793783 87.97631608153074 13.0
55.477828476950094 140.42279299391907 95.83990469035614 14.0
55.96628968251693 152.12503276125054 104.5232709720439 15.0
56.360007436460045 164.02458535917674 115.45294488005929 16.0
56.65467682936585 176.33764015387328 122.10964926497122 17.0
56.88315399057752 185.94547099437352 135.81986351905502 18.0
57.02592628816795 193.16820468403648 144.3595191097516 19.0
57.119303850232434 204.34306357583336 150.73963644295677 20.0
57.16624263386666 218.5183270714167 158.82008486447745 21.0
57.15871596263778 224.74235261475295 162.42975672713686 22.0
57.12860335229616 232.8199705739305 169.81757953287442 23.0
57.06406046125208 242.57832307026507 172.2587160440235 24.0
56.97526311470545 250.92235175338925 177.44447034123223 25.0
56.860107551321356 255.48751733473557 178.99429226972435 26.0
56.73388618472492 262.43244484843854 182.47062788839963 27.0
56.58910380404144 270.19532239943914 188.86796879035307 28.0
56.42043830675217 272.4956147684346 190.02181152446065 29.0
56.246852372049545 277.04412787809565 198.54495287260374 30.0
56.0539760388106 273.6323946071515 204.7403220656504 31.0
55.859242155495465 276.4151635588978 209.77154815106118 32.0
55.6548008042285 280.48796944176644 209.81792159025272 33.0
55.445347705404984 284.15693491197254 212.15217455889618 34.0
55.228913119596676 287.576647138396 216.95309068685825 35.0
55.00345960275133 282.9353087723708 218.02014571331668 36.0
54.78512909033297 283.53193097581845 220.71761545115942 37.0
54.564497986517466 285.3564347647881 222.03075434751653 38.0
54.341434606741885 286.34327612883027 222.03261070041964 39.0
54.118546361929575 288.2503018895736 226.80352999914493 40.0
53.88985406402634 285.1004344314565 232.72436749122127 41.0
53.66133773481893 282.3559653627797 235.91963438332212 42.0
53.435034729930955 275.8592694484465 237.2400556247596 43.0
53.21734366773285 271.17124043631077 234.0709218293665 44.0
53.01006720571668 268.94174340007294 238.33988458060546 45.0
52.802813691971636 268.401443399893 241.30850595613458 46.0
52.59478380809788 265.52664745036054 245.41572176291885 47.0
52.387803735550044 268.7508241080895 243.87383537756304 48.0
52.17972492989831 267.1439813120721 242.78773174420746 49.0
51.97586796391754 263.84528790187454 246.6997340004489 50.0
30.0 0.0 0.0 1.0
34.109021739130434 4.720710449511252 1.0243763066102929 2.0
38.3851022005902 11.296405747913443 11.295204537864524 3.0
41.148867544647075 19.297886617310418 21.616022747538018 4.0
43.220517342979385 22.293804844512017 23.797026434935766 5.0
45.2982524790846 29.09967920755571 31.14955129416016 6.0
47.10293419625182 42.15234356066978 35.140812269208276 7.0
48.78641090168531 51.6704964738954 47.17631988067438 8.0
50.12646438784641 60.58873468677288 56.16391128347503 9.0
51.27558794806458 71.989022092798 64.66875316605731 10.0
52.2635803345947 84.21336824680314 69.41033215791205 11.0
53.16313491533936 100.70666491879632 81.7579912424799 12.0
53.868721091419175 112.57260769704256 95.00805985907361 13.0
54.41958245477304 123.85597654086367 104.50650079298359 14.0
54.87102566201262 139.3477900355531 110.33286885012775 15.0
55.24663089188329 149.7645434487895 117.06289891053238 16.0
55.55810569123026 162.80091183560876 129.299036239615 17.0
55.776413553721085 175.0876082947976 133.6492355238049 18.0
55.947962748843565 188.2648018226324 137.89940865932755 19.0
56.07294967522398 196.09967650666317 145.24720369516547 20.0
56.15394768963061 212.07233703144058 154.83077458517695 21.0
56.17083127630449 218.13303825037127 166.90948281742385 22.0
56.14288803075803 223.82205396567474 172.74434411134598 23.0
56.090205246704336 235.407746987409 179.64948967046934 24.0
56.00153462819194 239.62854197457358 188.551800807722 25.0
55.88851088667074 247.8159474234284 193.96189204090717 26.0
55.75265468989995 249.213111734138 203.11976419005566 27.0
55.60048940621062 255.43930135309375 204.18556713729913 28.0
55.43765522402443 259.8861218119378 208.01513585611912 29.0
55.263341138542806 262.92635434270596 213.25678071425597 30.0
55.07841715650424 262.3320463540341 212.1966898969206 31.0
54.89677339661711 267.72178255413814 214.22983952326342 32.0
54.70565177916318 268.06949217362995 221.77916509890014 33.0
54.50619412173281 267.1927989861836 220.4015901613778 34.0
54.31076504697206 265.97418503270336 227.11390251956192 35.0
54.11063369858822 267.52652663104107 233.92877705483227 36.0
53.90245868245306 266.17782786977125 237.31649691563265 37.0
53.69394354965488 261.1161649138254 236.87366576742156 38.0
53.49367174733916 262.6854930113665 243.1146101277965 39.0
53.2865067835169 263.96760516591684 241.50036201627134 40.0
53.08062376338914 260.83759765491067 241.34989525129492 41.0
52.88003667100814 257.1107737001478 243.80050792385924 42.0
52.68285621002063 256.79045130961157 249.37513564359284 43.0
52.48203397501622 258.62696283560456 254.54253255675056 44.0
52.275734463054306 258.0853147815962 259.6057888821323 45.0
52.06706357915675 257.3938215018369 262.3786339387525 46.0
51.858226655028375 253.32266503605533 264.23365274750483 47.0
51.65365003622608 248.66211953800538 264.55520309474264 48.0
51.455102148461386 246.2325125945548 268.8843012027562 49.0
51.256823014419005 244.87413517189566 271.255164940836 50.0
30.0 0.0 0.0 1.0
34.109021739130434 7.749443476338542 1.026545421099987 2.0
38.35570173595319 12.227740987116828 5.890739316827286 3.0
41.9133058850251 17.26082478533591 13.30925118078964 4.0
44.75651407557053 23.403375951741573 17.3735274828717 5.0
47.41912756360287 32.91680550806326 26.621777826486582 6.0
49.57407508692187 38.70685201322102 37.92420075714439 7.0
51.306992802368875 47.88792392000879 48.268465791547506 8.0
52.74898705966127 56.67146883211727 56.59902346496483 9.0
54.00686815381096 64.0219544491587 62.38917322663588 10.0
55.16032695104786 73.72364338192399 73.5469486699368 11.0
56.11977424649115 84.49055656206852 78.60765236312983 12.0
56.99297509939727 96.50589721146459 90.29787914546525 13.0
57.70142798520187 105.45800171944374 97.57204704520869 14.0
58.320152933653574 119.19941736552059 108.71773913619958 15.0
58.809894004994334 135.42247599908876 116.07762106443343 16.0
59.204976838574794 148.6790476530801 127.95612050360461 17.0
59.49426212759521 162.2304250049491 136.6167131880059 18.0
59.70550822733138 178.4424873998821 146.63393210267967 19.0
59.83346242240853 189.10769687278324 153.5639544906913 20.0
59.910098439135695 200.62463672005254 161.814349514807 21.0
59.932824737905484 205.20382898360475 168.91574907676116 22.0
59.924146161825014 217.2634227051078 179.22448802956484 23.0
59.86282656392791 229.39922493320142 182.75604589278785 24.0
59.768889123759514 235.63644358083226 187.71305716254145 25.0
59.652190247615785 244.3355467635008 189.79465776482135 26.0
59.514949229198216 247.63809631910922 190.23454837843943 27.0
59.37112521499411 252.24543300343967 191.62651718831202 28.0
59.21660411614242 255.64681476605745 193.28098110120027 29.0
59.05345327204947 259.29754138378064 201.79779678795663 30.0
58.870052963964675 261.12741525534415 205.00133585761182 31.0
58.679387935913205 258.5324145878403 210.43835944053276 32.0
58.48600451500672 256.6731306009111 212.6745765673472 33.0
58.29353626529518 253.9679175907412 218.25118465137098 34.0
58.098588564420865 250.99764738918944 220.07556006188165 35.0
57.90694504365555 251.9671150161795 226.00269828859928 36.0
57.706835757157485 250.87608989246843 231.9671406133218 37.0
57.50189578466072 253.44588013316496 234.89111308372142 38.0
57.29079976170766 252.7738143894048 233.90780387478165 39.0
57.083181019219325 257.7685307122258 231.6379357960736 40.0
56.872260980146265 253.6172140626798 229.29443430163028 41.0
56.67157801684875 256.88673921516397 232.12667635409963 42.0
56.46392082599601 261.5074551485223 234.66526281687058 43.0
56.24802779689916 264.9876490005631 239.38630166926418 44.0
56.02351956967208 264.7343912361109 242.07376631038812 45.0
55.7980641816689 267.6541536410757 246.9470556987038 46.0
55.56535689530444 270.0485351598047 248.4825523863465 47.0
55.329678782154836 270.78137335653156 252.03708505761364 48.0
55.09145233094255 266.7274297644397 250.64630477102997 49.0
54.86138263666138 264.93773928234174 252.339615624934 50.0
30.0 0.0 0.0 1.0
34.109021739130434 7.153332871655027 3.9820936202628565 2.0
37.58056302823419 10.401450847272482 8.189931689270246 3.0
40.677772744486134 18.918495368569094 9.218324882493866 4.0
43.894659441110285 25.279115588915232 20.33298475042269 5.0
46.23658531464209 35.585245075170846 24.43399517517758 6.0
48.42173822510938 44.25683724809281 34.08951377812885 7.0
50.21360760691149 50.94395639222745 38.940733565482155 8.0
51.882779461494835 60.27295791247439 46.683894524644955 9.0
53.33960040759882 68.80484083848772 58.83897239454693 10.0
54.52132845176962 80.77165131273482 66.50914607426353 11.0
55.549454061103006 90.44231433211989 79.09535175166306 12.0
56.38001533168293 102.59450370704394 86.71572292388831 13.0
57.09484804598687 115.45406626904457 95.03229492459022 14.0
57.69495985282556 133.3897870067134 104.93908443816852 15.0
58.16304492940697 144.99470889983752 113.07573765526061 16.0
58.54366279912551 162.99252513013224 126.86967382885926 17.0
58.79566472108336 174.39436883944163 133.3201252845598 18.0
58.98755304498227 190.640533615175 140.39224142893963 19.0
59.10872251834126 197.28733916772072 149.35700989905212 20.0
59.179934122017464 211.74930196521348 157.23234174393642 21.0
59.191916815318365 223.0506661411266 164.41805501674062 22.0
59.158144742757266 230.22171447128227 174.77904995227598 23.0
59.08286560108904 238.9284395105551 184.15182762624428 24.0
58.969568277722395 242.57961768187897 185.5105652692474 25.0
58.84685392600082 250.25704227724654 190.65201734600512 26.0
58.700189790055624 256.0259100269765 194.1309590559113 27.0
58.53734331140874 264.33586136900317 199.45860819536148 28.0
58.35160379017484 271.41502872465196 204.99942625977022 29.0
58.1462554703506 269.6684100903859 207.39045989819144 30.0
57.94169884797785 268.86485670268615 212.30701586295123 31.0
57.73289860100056 268.7394616017425 217.86437340082742 32.0
57.51825343503724 268.198782600311 221.5952024524844 33.0
57.3011046250009 264.8322799537237 221.63153078236692 34.0
57.09049883603668 261.366732032814 226.60226094664364 35.0
56.88029758663707 261.0472132744791 230.1212114589139 36.0
56.66765470501722 263.4054916349757 231.48021472346252 37.0
56.45135139919195 261.83221818379536 236.5776955181472 38.0
56.23294323251602 258.3426707689232 235.4921447365041 39.0
56.02206065381577 260.57947573877817 233.04367099407702 40.0
55.81213246149729 263.4704023586782 234.86884797506116 41.0
55.59747582442807 260.98726935717985 232.91915247991162 42.0
55.389786113655546 263.5528405917217 238.84241218006576 43.0
55.17351822571027 264.73125377824294 236.83925653669783 44.0
54.95917509532289 261.01065539668747 237.70443262659876 45.0
54.75028161448229 260.37695727580314 240.80432275136968 46.0
54.5403264044099 261.2652067482603 242.596027935738 47.0
54.32874822900657 257.876196020899 249.05694663293502 48.0
54.116484246076254 258.2234542953204 250.0039015907131 49.0
53.9042570811898 261.68692174978173 248.7546911380839 50.0
30.0 0.0 0.0 1.0
34.109021739130434 5.28301814269388 3.01216327402811 2.0
37.82041642728509 13.188267525800871 5.145204919639213 3.0
41.451755056114784 20.104503679519514 7.334146134711468 4.0
45.03693206629136 32.59602479245716 13.879453306508923 5.0
48.00004971677462 42.0518660015298 23.17869036923225 6.0
50.35364474109593 48.09666566492926 32.64269301926139 7.0
52.30313627866845 57.56230771591526 39.231243747569096 8.0
54.03773277585264 72.36805285155887 44.69394790962715 9.0
55.59358256579551 86.5220269447253 50.6231511544915 10.0
56.97429054171843 101.53295223478139 59.455932495562394 11.0
58.12717038541324 113.48796560603255 70.06808919956401 12.0
59.06791872271094 127.03033549576699 78.82645003352522 13.0
59.84856252894011 139.23248021825802 91.27359728967905 14.0
60.45337065016919 154.35499629851984 100.92946809301117 15.0
60.924555247068604 170.64698092960325 109.61050004764695 16.0
61.28049542273213 185.84545002881143 114.95858714732628 17.0
61.55604090886263 196.80040484094644 119.65534177265071 18.0
61.77190334976369 213.81868280529818 132.47213126516874 19.0
61.87477064055443 220.6260378118046 138.18220685878433 20.0
61.93484456896248 226.64144510127656 150.5412601896286 21.0
61.93337005961734 238.48266292809464 153.19145518404983 22.0
61.893632986793484 244.82702214803894 155.65382479723786 23.0
61.83084517133421 250.694588482043 166.43043689044683 24.0
61.7246705011925 252.4832530246923 176.3098559910133 25.0
61.591018085661936 253.65266795283654 183.7286886005359 26.0
61.43919011339756 256.4220836430802 185.87806701342836 27.0
61.27788704904252 260.868239761052 191.36204801724904 28.0
61.097706920679904 267.6114960522164 198.2765179440166 29.0
60.89303362103406 272.0707625620462 199.76471560081976 30.0
60.678641358431044 270.8559745548095 205.25365664854115 31.0
60.45921680490715 272.09834138868405 209.2904534176576 32.0
60.232890572292426 271.9824247761874 214.47710061161175 33.0
60.00085172346224 276.5082051857807 212.41275666648974 34.0
59.76538485137626 276.032613924424 216.37992198619227 35.0
59.527006719682774 278.1370437629891 220.41877261558275 36.0
59.28154904189453 279.43697504985283 217.56898497865856 37.0
59.03932348748566 280.80085183181967 219.6818310887017 38.0
58.79394015692576 277.7142226771439 222.31865122901618 39.0
58.55211646423593 275.6619681559602 223.76043385562173 40.0
58.313551604318704 277.4597404520118 227.29317944170785 41.0
58.069681496747336 278.3187080582407 230.36449658667559 42.0
57.82277559250502 276.8430502114313 228.4839812475052 43.0
57.58204312525461 272.79134816700497 227.4820758899992 44.0
57.350326059059704 268.10547781226603 225.74195517449496 45.0
57.12934280567413 272.8948053141632 229.6465627727344 46.0
56.898134662418364 274.43389791530956 230.83718855507232 47.0
56.66495020289935 278.0867417878987 228.239236683002 48.0
56.43091726560667 272.79304410887374 231.45949948002738 49.0
56.20268481099347 273.9781741557731 228.78683293618698 50.0
30.0 0.0 0.0 1.0
34.109021739130434 0.5601759980004739 7.391380603017659 2.0
37.00480735513805 1.572437291187296 15.276758299437141 3.0
39.28989675881808 4.8847232252714194 16.19936087772407 4.0
41.685832204236156 8.226658123298325 20.584094283796038 5.0
43.92852968779454 18.08923156210936 25.187107097986388 6.0
45.998835910579096 26.825808901877643 31.06722400475308 7.0
47.86313552362502 39.21440466804398 40.15693082246674 8.0
49.42090289041475 53.36991093206259 46.0309378341556 9.0
50.81404684341558 64.47796245774765 52.30208186689128 10.0
52.06041327170559 74.62550629065521 59.834680417741 11.0
53.152742229164026 85.61896920031583 68.15827257019096 12.0
54.09303144376727 101.94616148570344 78.09064907116655 13.0
54.86056387787064 114.66856720375789 86.21300827432782 14.0
55.5092284933387 128.50254506743627 98.53301795290821 15.0
56.01114268595886 138.22722667099657 111.71949768619716 16.0
56.394425592488055 148.86386924385346 124.69948326044289 17.0
56.67640414213685 162.63358445260423 132.87544204187054 18.0
56.88608333750371 174.72939804838327 143.00627340717674 19.0
57.025423129515325 182.81182629544898 149.7540378232733 20.0
57.12209492214441 195.21484702818924 161.83556908704944 21.0
57.15352758903777 201.9635201324034 164.456493897597 22.0
57.16376324492189 207.9306334247371 169.0712775939168 23.0
57.14959345252387 213.44375786527928 174.25553678971477 24.0
57.11165519369309 218.3863487262694 178.90995326474734 25.0
57.053497271099495 228.18916931042676 183.72942155035955 26.0
56.96698829972348 239.53683704777663 193.18992570848678 27.0
56.842338247782536 243.25601955297347 200.61090962279764 28.0
56.699055554290624 250.26066568857786 203.59129920223629 29.0
56.54011676023465 251.93806562336465 203.3180737595127 30.0
56.379625964853524 257.8221199444646 211.0459803258655 31.0
56.19929068416788 257.61171592104716 218.38459974711 32.0
56.01040720304848 258.82871232019585 222.2901539413768 33.0
55.81583192125493 261.7371646428017 226.62730091504176 34.0
55.612947439974334 259.4133842139132 229.08497078114846 35.0
55.411728529908345 261.02277661456964 231.876964535293 36.0
55.20631284242391 256.8284169725543 238.29137121777296 37.0
55.00083325294604 256.8658773778974 241.53996244397186 38.0
54.793131997181845 261.09568084201254 246.33162353861582 39.0
54.57641867016957 257.653473305079 250.09160737243369 40.0
54.36182839344259 260.7028374017892 255.38176561120713 41.0
54.13993909422453 256.8320736772771 260.69227065198487 42.0
53.91944835589223 259.88190079570757 260.7872676833823 43.0
53.696760486555064 257.45872405774963 260.0347006429865 44.0
53.47907832488698 252.51533725883613 258.410996539989 45.0
53.27004579579474 255.2030165482198 261.5804134021019 46.0
53.05646376308703 257.2762409349037 266.4010219469997 47.0
52.837902927624405 255.43048032307416 265.0815453615892 48.0
52.62395306162074 255.52533891463375 270.45556679849335 49.0
52.40697337989006 249.9498323694567 271.0456615011352 50.0
30.0 0.0 0.0 1.0
34.109021739130434 4.136177208496104 6.62397619019681 2.0
37.10275109374047 12.177983799448599 8.399327887755529 3.0
40.10411602096233 19.562599901772227 12.96236953837831 4.0
42.79636541484801 30.812458423332064 23.78516962341722 5.0
44.79876256193119 35.40081817552287 29.73390794523558 6.0
46.60533730851135 46.54428970928468 37.8944005849246 7.0
48.140058894204394 55.30594857107141 47.908076426869115 8.0
49.41738501143967 62.002569693654664 53.24941531327669 9.0
50.59581409738332 71.79480070204254 66.5085362127292 10.0
51.53237819088886 85.74432525749762 74.80297897982783 11.0
52.33037552531821 99.41963687903356 79.63602693350381 12.0
53.04514887962562 114.01712899721313 87.84772546643009 13.0
53.64284955501639 127.0519943189791 101.4812561576082 14.0
54.0967412707821 141.8096424694551 111.17230013170986 15.0
54.45133545629879 157.6531894999626 115.96902727714101 16.0
54.74147838835645 168.8563749088295 123.39412359857292 17.0
54.96794062313985 184.18164069336154 130.14361437061558 18.0
55.1292457522285 200.5365439753485 143.8793847089216 19.0
55.20295669009159 213.02261976634983 151.02551341358526 20.0
55.22830616450557 222.07581167103908 156.29604039659765 21.0
55.220668371827735 228.89348443686075 167.8869953171371 22.0
55.17107388675204 232.17301856554099 171.96043189509055 23.0
55.10643003694303 239.46070551955592 181.35429293431568 24.0
55.00991231981396 242.25939637639965 184.26700211237818 25.0
54.90346281586778 252.0123675378738 191.31959224144077 26.0
54.76906443327757 260.0794491222949 191.22794775786755 27.0
54.62233392433628 264.7500346939171 197.9011225248556 28.0
54.45888889393495 265.5561953059065 203.26096757865648 29.0
54.28758015636451 268.15109273911787 206.79696692478646 30.0
54.10864700547293 273.2603362144905 208.52071523916166 31.0
53.92105791201615 272.3580357052869 206.45723108294106 32.0
53.73841905598166 275.2451883917586 212.17593045584292 33.0
53.54579121207144 271.6530792003224 216.90110464107897 34.0
53.353904846133176 269.3580009666763 220.2175124519642 35.0
53.16257398725152 268.4718928112922 218.7153371109634 36.0
52.9752373102414 266.6701587781603 221.80833203461466 37.0
52.78796973769611 270.0368037746345 222.09121050023427 38.0
52.59706327331657 275.3936552014238 219.42686599946182 39.0
52.4030944549607 278.2915718756702 218.07742577797916 40.0
52.207918189739246 278.1766615663849 217.37641329437432 41.0
52.014824599598434 278.3448405511637 217.08582027350283 42.0
51.822992531956345 281.4376570213868 217.37831642237336 43.0
51.628028685203596 281.3154146612352 220.74099288820636 44.0
51.431084816637565 278.0034368708991 217.82044142968965 45.0
51.24246866394393 280.3415848985102 215.86961465345237 46.0
51.05399892367183 280.6900530581393 222.8593338915509 47.0
50.85939040559011 281.9481032089937 224.16269873961707 48.0
50.66324966774077 281.0644492693114 223.7034271438928 49.0
50.4698348430935 279.1425400593999 223.99924341165334 50.0
30.0 0.0 0.0 1.0
34.109021739130434 3.8145494873246744 4.884931647466524 2.0
37.41847807022199 6.266566185452983 6.026364686650391 3.0
40.88883167992807 13.249945965091921 7.3842869766543 4.0
44.46087176366397 23.75347491124439 10.994022373634323 5.0
47.783471144254705 36.19808754729788 20.82262225537049 6.0
50.32676243203708 47.54338233703988 29.83093574581519 7.0
52.41500607526657 61.51861872399614 36.872409695732124 8.0
54.225107570510325 73.13867072383923 45.07508764426267 9.0
55.77365863424928 89.29491414183076 56.06518958424227 10.0
57.01504526175363 105.54460046180603 63.969817368302735 11.0
58.063214669486186 122.6655778009598 73.1037842374653 12.0
58.917810201045285 141.95630752144595 84.70715044476842 13.0
59.56678155992573 154.98195968086225 93.69991915899483 14.0
60.08764826865602 172.2107852854027 101.56409521289605 15.0
60.48949300286092 182.64308347276267 108.83866003266843 16.0
60.80854548818033 193.11588187849253 114.88919067718707 17.0
61.05878087873969 201.43570724449583 123.2678266218108 18.0
61.2387790480858 210.30043762996644 129.96449876210937 19.0
61.36138721927735 224.62259818995975 140.20732016635617 20.0
61.40229813241312 239.21297749435507 147.8923806679839 21.0
61.378401812226706 244.84800477621985 151.86417568614698 22.0
61.32796610985719 250.8353694956044 161.54171080765883 23.0
61.23578370862292 259.7129001076131 168.5275540697288 24.0
61.10620088113154 261.3761570693555 176.62512355830023 25.0
60.95534022238038 261.67784186728954 183.94235655952545 26.0
60.78947912867101 266.68346488628333 190.54008332129465 27.0
60.60192674823147 268.00586200559786 195.96999607928748 28.0
60.40336206001957 272.96637883699407 197.8549332712103 29.0
60.19344806039286 272.221207852695 197.02354121457475 30.0
59.98758659814486 269.83302163260817 201.58172458924665 31.0
59.78012552335754 275.09744025434554 206.5544970585817 32.0
59.55695983250554 280.6646565367944 213.30427719548544 33.0
59.31622638242862 284.9374827136589 218.39043094790995 34.0
59.06353730981027 285.88230252639113 217.78413904634016 35.0
58.8119249833924 286.233411580518 220.4251948711959 36.0
58.55845737272251 288.97182946489824 218.8240609171675 37.0
58.30436239688571 290.5432050255284 215.74002802254668 38.0
58.053287565032925 288.9873660756409 220.4674857970256 39.0
57.80111836696455 288.18722188537714 216.64442337562065 40.0
57.55655176906056 290.30189579911814 222.44875954268974 41.0
57.30389893763556 292.1107412154584 226.30788281509334 42.0
57.046296634359194 284.3856772503086 222.20870827612953 43.0
56.80680351485057 279.52440724042435 219.06681433465084 44.0
56.58003896723441 276.81061242822307 216.7323979058564 45.0
56.361748930926886 280.1365147402228 216.91229799570968 46.0
56.139630741988235 277.8579083114877 216.68729766525695 47.0
55.922721187574645 274.82386146193676 221.1915886581639 48.0
55.70649174266677 273.11543775258474 220.63540090316945 49.0
55.494825668994686 276.3505196717712 220.2540944912064 50.0
30.0 0.0 0.0 1.0
34.109021739130434 7.325568013370014 7.767151075118594 2.0
36.905062284646824 9.318683952777539 10.41530130321489 3.0
39.63573944599358 19.50567284270775 16.759085925200893 4.0
41.932568423887275 23.094522239620122 22.200710735787958 5.0
44.00739292090948 32.81029424776423 25.327639130797017 6.0
45.997650623033536 46.73515252431773 29.51354302099284 7.0
47.83307103925573 55.93833344073171 41.61771826048106 8.0
49.26827667473798 66.60890696717914 53.068721544643054 9.0
50.426901445662786 74.66111314970561 66.66656826914166 10.0
51.3458965303096 91.7536158556617 75.82627345263727 11.0
52.10670783488731 107.2405888460676 83.6562497766645 12.0
52.74783719083572 125.34023310038225 97.81416769005281 13.0
53.220736463101204 134.13334465904938 111.57847388008946 14.0
53.58142894725534 148.62635317188193 124.22721865819223 15.0
53.84115034362724 164.56551158880285 133.3762675159033 16.0
54.0255256168843 174.7229966319219 147.0932290119187 17.0
54.13729461386503 188.2962647685898 157.6719067694813 18.0
54.1894484365799 195.93425549194842 160.78455173986768 19.0
54.21861580191406 206.2298412705399 169.31321577146176 20.0
54.20714742736718 211.5717170756015 179.15922800777454 21.0
54.16405154538873 223.82112027567013 190.5761851786007 22.0
54.07847430483238 226.44642526700187 191.61091391008836 23.0
53.98709661446109 234.22264477706054 192.5397517796533 24.0
53.882172126605084 236.15950347178403 193.73718806409389 25.0
53.77254683068191 238.39850654065452 202.09510657173016 26.0
53.64661373427734 241.02205683518744 202.10440262716415 27.0
53.517258281112625 244.96752739842205 211.5858668632661 28.0
53.3692814414222 247.53385787417562 213.98101763793332 29.0
53.2152199582859 251.67042106076298 216.31749832669675 30.0
53.05323404460164 256.61588148567864 216.00945703546975 31.0
52.88570210957014 261.9233793755566 215.09171543602028 32.0
52.71293891090568 267.0888406020626 215.41117816451955 33.0
52.533767513155944 268.13222312156995 222.5949559092824 34.0
52.346309967285954 273.2726240474787 226.87705436295838 35.0
52.14898352729471 272.6515164214493 226.2352471801943 36.0
51.95429960587462 269.05196329279994 230.04741336886482 37.0
51.76151849419515 264.1338158287469 231.62294372435076 38.0
51.57435786060471 262.8736978693016 233.04754915113367 39.0
51.38841839044557 259.244191598337 235.30113898405074 40.0
51.20568613164822 260.1370470592128 238.0426652667208 41.0
51.0203510222907 259.3741520371996 243.27867847566722 42.0
50.83217269640603 257.22526602854964 247.1628350832269 43.0
50.64406546094028 253.73662866902646 248.61983101367167 44.0
50.45961690369174 257.7361341701124 247.27357444964858 45.0
50.273056641864095 257.48307716381964 244.76269515389797 46.0
50.090042927299535 255.7524818287317 242.61226936770993 47.0
49.911862295672634 260.50601696640206 244.16937237232102 48.0
49.728185832529185 265.06028813595765 249.56802178188755 49.0
49.53631026340242 264.34310963468977 253.94478184979937 50.0
30.0 0.0 0.0 1.0
34.109021739130434 2.299091730299665 5.258712790416478 2.0
37.357050113011965 8.18576593065759 5.982510434262574 3.0
40.81308371253599 9.42628485986209 6.713556035110598 4.0
44.527102526836856 16.79715238757272 9.688358515609899 5.0
48.09824195172537 22.599779338019857 15.36925653126145 6.0
51.258600707761225 27.787352308497297 19.713333115306327 7.0
54.232850050366345 35.72079012759823 27.416379783018588 8.0
56.79809242362912 40.39280316274057 32.281844752913464 9.0
59.21376702725461 48.614121984277034 38.32674899074071 10.0
61.41583046635153 56.4289949503432 42.76853232047486 11.0
63.49346074910939 68.5834395355078 51.37727227146898 12.0
65.28056771801421 82.24797923218269 55.087308423975074 13.0
66.94363491943112 94.15394946374057 66.5995668080046 14.0
68.30116540812216 104.47129360556575 76.4755938907645 15.0
69.44290057824544 117.95390580927315 87.52646993281115 16.0
70.36352023650088 132.7156070261887 94.89305427089673 17.0
71.13166696963421 142.5732893719573 99.59650368942454 18.0
71.81008709792704 159.65151857416777 109.46143257817859 19.0
72.31871652071652 169.85818872356583 120.59730470433892 20.0
72.69361997611905 184.97002494769833 127.06758996994407 21.0
72.96324061333476 197.6483200447882 134.8409230160594 22.0
73.13561753355972 205.72024264275927 146.9085308260253 23.0
73.21309820252797 211.74197588685166 158.77026078636075 24.0
73.21513895830002 219.0719227122862 169.7285253552366 25.0
73.15005689524065 231.14202358846921 172.15781152467355 26.0
73.03929979589745 238.5779498446749 180.55756246166186 27.0
72.87962787868034 248.17120003819008 189.4997142106168 28.0
72.66791879095473 248.4081812742285 193.42499497021717 29.0
72.44663087414115 248.00454946370434 201.39236196743767 30.0
72.20825381667275 252.72953123459322 204.04256563782627 31.0
71.95310452161567 251.33385612482567 208.18380616468355 32.0
71.69414286105004 248.4841507542658 209.65190450011818 33.0
71.4409243784187 252.61519270385187 212.22009891892964 34.0
71.17391617101971 257.8651687259221 215.29348093878713 35.0
70.89007287030692 258.59231517436285 215.48828828750723 36.0
70.60631210600638 257.3476710251342 213.36531366540888 37.0
70.33179033216531 257.53726875154047 211.7516159318065 38.0
70.06204154020348 257.3913575208623 212.77750031416213 39.0
69.79262064634523 261.3990972347654 218.798162061945 40.0
69.50472648015585 261.09238849142025 220.934437401836 41.0
69.21597534339706 259.99913474984425 220.78561328808738 42.0
68.93217475617169 262.3143366454676 227.08796265078792 43.0
68.63483249945631 260.3538383969902 233.30293552125687 44.0
68.33403324196335 256.3450324485898 238.05785612230727 45.0
68.03648122947159 254.3784741609568 238.5522427869356 46.0
67.7444985735118 254.84353687606617 242.22305694879464 47.0
67.4483880423118 258.0270071095282 239.18254354925415 48.0
67.15292628184251 254.448602758905 235.80394399475452 49.0
66.87192173506871 253.8759181021419 237.9356163066436 50.0
30.0 0.0 0.0 1.0
34.109021739130434 4.40876831240177 3.012015071467493 2.0
37.82770664255654 9.04836619447709 11.696393120989752 3.0
40.50343440887214 19.623546868611513 18.13656842205413 4.0
42.76464141001758 31.409444862236747 26.11712903006664 5.0
44.633516153108495 44.832860573108164 31.400421207111453 6.0
46.31098784742204 56.10588408489265 37.38199183175554 7.0
47.80490990293241 62.41424495749049 44.385067217161755 8.0
49.130852254265434 76.88433590418187 56.75205076796284 9.0
50.17021973783106 86.56186580301204 68.15376620386853 10.0
51.01921715691707 102.33735233158389 74.35394672749526 11.0
51.75660558985238 119.23419635739002 81.57154745331965 12.0
52.37603526035324 133.45667947491648 90.77929962978223 13.0
52.878156957624235 148.0849347565444 99.0719683446846 14.0
53.28231234217242 158.54239294560915 107.39403307086832 15.0
53.60864383620865 169.79722288677073 121.09566051300119 16.0
53.83550283195159 178.22140074056642 129.4443733629408 17.0
54.006767476618435 189.37568544277175 135.3883091172205 18.0
54.13075652090993 198.05145398119433 142.66780358064773 19.0
54.2109518425633 204.97787768508212 155.26161870938395 20.0
54.23862486956519 212.45141468972392 167.48619473481673 21.0
54.22052356947668 221.28358893505293 175.67256730832972 22.0
54.16842235462264 228.11968596297356 180.80188001671027 23.0
54.09436463786209 235.61311573203636 182.47408109105842 24.0
54.00487570757158 241.79715730255344 183.89284387110504 25.0
53.902918004270184 247.58799241540493 192.38943222043034 26.0
53.777689640797824 252.64899182732543 201.33307000853176 27.0
53.63170274821082 257.8633961550103 206.39860215591443 28.0
53.4717377661887 264.0111333980609 208.71290250315855 29.0
53.30076073702658 269.3546717291973 214.85996830098233 30.0
53.11581285786476 268.98919440200984 213.80355825537384 31.0
52.93364830784143 274.7521592332863 216.96852468517133 32.0
52.74113363844785 272.2247168511117 223.5427283827296 33.0
52.54611837782316 276.2194472040276 225.62589873825797 34.0
52.345031513677625 275.8922560150955 228.25554557454302 35.0
52.1430497759795 271.83324619909274 229.06597294667537 36.0
51.946628651064096 269.6417108922005 234.92851354546676 37.0
51.74849322121093 270.1138208073734 235.70531234673714 38.0
51.55030490484511 264.9258089885248 238.92173914553445 39.0
51.35651383322593 265.22639757638154 239.46298965556258 40.0
51.16306010841357 269.35192572585584 241.59913033582274 41.0
50.964156001616935 267.0135562631249 238.19240505958246 42.0
50.77217976796911 263.60428478192676 241.1303673829305 43.0
50.5826251271507 267.57367610311735 243.0420886659743 44.0
50.388120768134215 267.4004347469466 243.07474119200083 45.0
50.194985636905194 268.73616533200556 247.57838686837312 46.0
49.99787805525926 267.01967072233185 251.80379065231187 47.0
49.80048533341201 264.55189478281403 256.9632474232435 48.0
49.60292915983319 260.61388682857455 254.82948868384585 49.0
49.41228366636174 255.04883192592646 258.37702411147455 50.0
